No
George
6
-5.978426
3.629995
4.610877
-2.250711
0.842373
3.126467
-2.747133
2.303925
-0.152915
3.104427
3.694355
1.473030
-1.083268
-5.134696
4.706374
5.472678
-1.539487
1.215701
3.410177
-3.201074
0.555791
-1.996432
2.165091
3.462093
1.541082
-0.755020
-5.896206
5.573959
6.967300
0.247061
2.682060
3.675617
-4.973914
-0.107724
-2.968729
1.108394
4.127239
1.271390
-1.302333
-7.140782
5.587012
7.660349
1.399974
4.164454
4.418897
-5.643789
-0.207825
-4.033423
-0.280132
4.539187
0.200874
-2.116158
-8.270232
5.301364
7.226885
1.607162
5.726111
5.342709
-5.098229
0.517842
-5.090955
-1.131763
5.106341
-1.135316
-3.260074
-9.343637
4.687089
6.604162
1.268501
5.954098
5.654119
-4.500923
1.082682
-5.012186
-1.139515
6.007607
-1.957295
-3.858499
-10.384323
4.484264
6.928344
0.142704
5.907825
5.933703
-6.137140
3.589247
-4.426051
-1.721502
6.399836
-2.886107
-4.319337
-10.648673
4.674818
6.993487
-1.824915
4.752123
6.722424
-6.958077
4.956097
-5.118114
-1.436641
5.945503
-2.673012
-4.194307
-11.058133
4.458430
7.335212
-3.659258
3.822617
6.942847
-8.185706
6.936524
-4.722252
-1.250287
5.990083
-2.585999
-3.651483
-11.176423
5.240139
8.591748
-4.966733
3.609362
7.629672
-8.900809
7.948800
-4.753922
-0.683897
5.642187
-1.962564
-3.279112
-10.759801
4.077709
7.020348
-6.187590
1.858157
6.375647
-8.725589
7.689186
-4.327324
-0.846846
4.995870
-2.444840
-2.772590
-9.888168
4.121157
6.970187
-6.266413
1.782340
6.328946
-7.270419
6.687683
-4.168536
-0.399599
4.913462
-2.055915
-2.278011
-10.231832
4.156903
6.712798
-5.933745
1.749689
6.120117
-7.182114
6.395871
-3.999079
-0.225094
5.324477
-2.505812
-3.005889
-9.490683
3.932633
6.676116
-5.361163
2.097564
5.443009
-6.620946
5.466458
-3.370553
-0.035948
5.370597
-2.104182
-2.728253
-9.998178
3.291303
6.120609
-5.213870
2.411302
5.734132
-6.171977
5.161574
-4.013947
-0.545529
5.700363
-2.678959
-3.107325
-10.396672
1.653701
4.385675
-5.205900
1.886488
4.599550
-5.941874
5.008267
-3.342008
-0.771122
5.868845
-2.865627
-2.756604
-10.739659
1.581584
4.418533
-4.960763
2.300824
4.807712
-5.993932
4.887780
-3.568904
-0.725830
6.482584
-2.641781
-2.702292
-11.900289
0.703937
2.989344
-5.526034
1.761662
5.041202
-5.345168
4.575921
-4.216268
-0.804031
7.040488
-3.558573
-3.519919
-11.230150
-0.170038
2.062074
-4.915648
1.759518
3.894845
-4.457780
3.557161
-3.479164
-0.991920
6.733692
-3.599028
-2.911847
-12.011316
-0.140784
2.265188
-5.114726
2.077205
4.358390
-4.933209
4.114242
-3.771475
-1.091587
7.703350
-3.881943
-3.217197
-12.118126
-0.614617
1.817768
-5.167329
1.967340
4.027757
-4.799310
3.551844
-4.003941
-1.242767
7.468532
-3.882027
-3.041593
-11.633711
-0.540114
1.815635
-4.760404
2.125849
3.896623
-4.084605
3.306843
-3.463208
-1.024590
7.566745
-3.816481
-3.160702
-12.288846
-0.976829
1.448323
-4.691507
2.292324
3.806129
-4.621815
3.317137
-3.961679
-1.726231
7.631045
-4.244935
-3.266018
-11.416939
-0.919881
1.440811
-4.681254
1.896744
3.557869
-3.851407
3.253548
-3.229784
-1.273053
6.861727
-3.988640
-3.051551
-10.580621
-0.363256
1.963781
-4.041804
2.086339
3.135890
-3.996592
2.300235
-3.455229
-1.424908
6.829579
-3.460469
-2.839033
-10.963976
-0.667520
1.662104
-3.804266
2.332233
2.919805
-4.073388
1.731626
-3.646214
-1.741655
7.231460
-3.867171
-3.076667
-11.116839
-0.403297
2.056962
-3.975292
2.388685
3.145518
-4.217968
2.421011
-3.303784
-1.590784
7.687192
-3.991691
-3.390013
-10.610347
0.284523
3.061899
-4.792896
2.381511
4.035938
-4.390722
3.224691
-3.521198
-1.274558
6.891486
-3.753689
-3.138310
-10.686220
0.330809
3.088092
-5.970559
1.516715
4.072018
-4.515827
3.859304
-3.285955
-0.811942
6.640587
-3.380551
-2.498482
-10.795815
-0.168199
2.378445
-5.165116
1.550060
3.141160
-4.354757
2.889966
-2.919575
-0.833634
7.168044
-3.551697
-2.971447
-11.255029
-0.372720
2.249172
-5.131089
1.901797
3.596689
-4.345458
3.482424
-3.046210
-0.833686
7.702074
-3.596954
-3.047934
-11.212655
-0.342079
2.305978
-5.533568
1.474210
3.155149
-4.790275
2.993456
-3.374529
-0.965041
7.381728
-3.479749
-2.929838
