Cough
George
3
-9.795782
0.738358
1.255720
-5.494083
-0.905748
2.756296
-2.288310
2.114920
-2.086395
1.878927
4.075452
-0.833158
-2.057622
-9.122531
0.362398
1.389259
-1.738087
1.722779
2.083660
-2.366385
-1.274225
-3.569901
-0.533557
5.947888
-1.757315
-2.301543
-7.045838
4.242604
4.793460
-0.963241
2.457535
3.916908
-3.304157
-1.142474
-4.595692
-0.332515
4.911899
-1.368095
-3.106504
-6.990808
5.542382
6.209320
0.963279
3.747947
4.966550
-2.966000
-2.108582
-5.411453
-0.422562
4.809978
-0.831689
-3.224996
-6.564332
6.486094
7.010518
0.399597
3.765288
5.893374
-2.544399
-1.658801
-5.832520
0.154030
4.581566
-0.474130
-3.275931
-7.190186
6.370173
7.388613
0.033560
4.068625
6.083334
-2.994413
-1.398571
-5.932552
0.069521
5.538429
-0.572057
-3.288030
-6.878906
6.157648
6.656231
-0.721653
3.121567
5.442545
-2.804069
-1.245978
-5.255166
0.406413
5.656019
-0.810327
-3.605564
-9.731146
2.922558
4.542480
-1.779412
3.079845
4.433053
-5.406490
2.757690
-3.751592
-0.661951
6.619473
-2.190699
-3.508731
-10.020211
-0.358310
1.299898
-0.704760
2.933361
2.494057
-3.645370
1.875674
-2.579033
-1.363976
6.019301
-2.360545
-2.263426
-12.061485
-3.135833
-1.003958
-1.345649
2.795128
0.820480
-4.177235
1.660337
-2.095419
-2.467681
7.121928
-3.905272
-2.554219
-11.381390
-4.370867
-3.556253
0.776135
3.042682
0.149635
-0.578489
-0.286683
-1.161188
-1.530894
7.031485
-3.425580
-2.403186
-10.708536
-3.914539
-2.679009
-1.205483
1.893240
0.488808
-1.173648
0.205772
-1.746674
-1.606990
5.625500
-3.364145
-2.108622
-10.913921
-3.736402
-2.984782
-0.544589
2.022780
0.530922
-1.047868
-0.205941
-1.890582
-1.232628
6.404650
-2.924674
-2.212165
-10.205129
-1.557762
-0.169878
-1.636063
2.044247
1.599887
-3.024303
1.850369
-1.693256
-1.269011
5.686648
-3.180570
-2.356821
-11.600025
-0.529923
1.506391
-3.328217
2.122640
3.257897
-5.134246
4.132740
-2.941151
-1.698210
6.227062
-3.671027
-2.650093
-10.897011
-0.537536
1.397406
-3.699575
2.008933
3.231096
-3.957612
2.309035
-3.796221
-1.634411
6.309161
-3.654079
-3.140306
-11.754377
0.666745
3.131056
-4.265559
2.599590
4.617598
-5.606745
4.549395
-3.849393
-1.615424
7.125566
-4.017591
-3.451783
-11.642221
0.235740
2.779896
-4.996989
1.922581
4.358172
-5.728532
4.667017
-3.826680
-1.376501
6.522263
-3.299068
-2.374134
-11.113976
0.416670
3.079556
-5.224345
1.731941
3.917943
-5.811755
4.266715
-3.693320
-1.449367
6.350227
-3.539795
-2.686242
-11.207808
0.586390
3.438154
-5.135463
2.094033
4.394691
-5.833768
4.833480
-3.732611
-1.492017
6.463861
-3.345109
-2.475373
-10.572616
0.413489
2.971290
-6.325707
1.085740
4.377475
-4.354988
4.012155
-3.643758
-0.663132
6.025963
-3.232416
-2.533792
-10.556061
0.059565
2.612546
-5.396131
1.665793
3.855331
-4.182495
3.244697
-3.445574
-0.899543
6.659646
-3.394792
-2.576303
-11.310651
-0.132027
2.275594
-5.564514
1.767374
4.260624
-3.842159
3.571542
-3.548979
-0.943557
7.362643
-4.031860
-3.192690
-11.174662
-0.334917
2.634753
-5.293106
1.970496
3.639932
-5.276020
3.667041
-3.784863
-1.730125
6.518116
-3.789669
-2.469661
-11.254841
0.109488
2.790727
-5.416971
2.077545
4.255617
-4.782595
3.219198
-4.493870
-1.797752
6.889532
-4.037282
-3.190732
-11.077046
-0.689539
2.010030
-5.419259
1.780354
3.762350
-3.919485
3.473626
-3.241056
-1.128117
6.697087
-3.998587
-2.913014
-11.493814
-0.871569
1.616202
-4.834312
1.915549
3.211433
-4.342697
2.977073
-3.245916
-1.417440
7.305583
-4.405107
-3.392468
-11.968046
-1.722634
0.690322
-4.668303
2.157034
3.584726
-3.171296
2.762128
-3.589968
-1.677154
6.990971
-4.495131
-3.146974
-12.073332
-1.189953
1.100356
-4.709987
1.850513
3.239846
-4.618155
2.719084
-4.051354
-1.443949
7.483164
-3.539416
-2.689287
-11.399864
-0.455337
2.157625
-5.087511
1.933806
3.661452
-4.864113
2.937980
-4.098754
-1.684832
6.747102
-3.912701
-2.809756
-12.322592
-1.036052
1.315173
-4.001482
2.794180
3.811874
-4.001042
2.813992
-3.989846
-1.809446
8.178249
-4.313206
-3.527781
-12.239214
-1.667089
0.775199
-4.118945
2.698447
3.619148
-3.565320
2.729905
-3.709275
-1.579151
7.898530
-4.238492
-3.010797
