one
ben
3
-8.660662
3.510488
4.570700
5.341736
7.468910
4.252142
-2.691917
1.516532
-2.248360
-1.250280
5.098705
-2.125350
-4.855247
-7.443545
2.261061
2.042000
4.511245
4.294556
1.966376
-1.807173
-3.207565
-3.674927
-1.158989
4.408159
-0.796163
-2.605365
-7.266354
0.317568
-0.624168
2.633376
1.365518
0.290456
-0.485661
-3.498419
-1.262532
1.333123
5.034476
0.788774
-0.905490
-8.154714
-0.747139
-1.178963
0.348203
0.493893
0.206380
-0.261061
-1.136971
0.722889
2.706802
5.429778
0.472909
-1.097943
-9.524678
-0.370180
0.656769
-4.842277
-0.594517
1.626713
-2.504136
2.140888
-0.522022
1.960992
4.872152
-0.967936
-1.162144
-10.206603
-0.511149
0.899473
-5.295093
0.195474
2.838442
-2.757679
2.511319
-2.100303
0.805461
5.905377
-2.253248
-1.933953
-10.094498
0.008705
1.739700
-6.066113
0.295489
3.715333
-2.381736
3.640946
-1.823735
1.246254
5.856506
-2.617127
-2.381859
-10.661465
0.747301
2.484941
-6.098425
0.515395
4.272573
-3.762765
3.966368
-2.635853
0.861995
6.202383
-2.622664
-2.620826
-10.154839
1.294991
3.234902
-6.000411
0.484350
3.614120
-4.350137
3.840015
-2.032045
1.130558
5.767891
-2.512393
-2.985249
-10.278095
1.757730
3.827531
-5.880199
1.335321
5.199101
-4.122230
4.107824
-3.563864
0.425066
6.740725
-2.380079
-2.773901
-11.443073
0.840897
3.352472
-4.902523
2.204113
4.405195
-4.691085
3.705838
-3.343377
-0.313547
7.631102
-2.911373
-3.595356
-10.454431
2.342401
5.263813
-6.443717
1.405414
4.940907
-6.252129
4.663752
-3.777171
-0.164316
6.067421
-2.194697
-2.710549
-9.778059
2.214930
4.678098
-5.467256
1.617908
4.900879
-5.035735
4.616686
-2.995640
0.265233
5.934678
-2.456665
-2.815823
-9.460630
2.122031
4.615273
-3.916946
2.252293
3.939710
-5.745403
3.300680
-3.493573
-0.829622
5.044790
-2.160218
-2.622157
-10.256998
2.115518
4.839995
-4.091192
2.845430
4.958598
-5.525774
4.419735
-3.516982
-0.824418
6.188473
-2.612547
-3.008919
-9.092606
1.621737
3.995578
-4.037555
2.123192
3.834157
-4.711419
3.200829
-3.073205
-0.769791
5.575730
-2.609686
-2.596050
-10.564030
-0.107473
1.617015
-4.002874
1.541832
3.250775
-2.975230
2.317151
-2.603424
-0.209116
6.636803
-3.043839
-3.252896
-10.124141
0.712226
3.166095
-4.360852
2.195044
4.374220
-3.713780
3.481272
-2.955046
-0.318657
6.522692
-2.699502
-2.663034
-10.077215
0.473704
2.851225
-4.996236
1.566494
3.665027
-3.753025
2.902120
-3.000428
-0.348742
6.332384
-3.219536
-2.949031
-9.869932
0.667590
2.899218
-4.756817
1.695671
3.551648
-3.680077
3.002384
-2.345632
-0.090081
6.606564
-3.246647
-3.134316
-11.636726
-0.243855
2.454787
-5.088732
1.917149
3.745889
-5.026884
3.334726
-3.642508
-0.786748
7.759017
-3.013282
-2.688207
-11.149868
-1.167113
0.859312
-3.990676
1.756660
2.743650
-2.761162
1.877425
-2.622142
-0.187931
7.365915
-3.110371
-3.060701
-10.017401
0.635632
3.503709
-4.692536
1.964042
3.466185
-4.300937
2.070199
-3.668912
-0.953305
6.144374
-2.840534
-2.432588
-8.867643
1.446935
3.755383
-4.419152
1.824402
3.851654
-3.456380
2.092404
-3.502841
-0.501462
5.192715
-2.303882
-2.331639
-9.463259
0.908059
3.592963
-5.452477
1.793077
4.037930
-3.933999
2.696514
-3.706649
-1.024534
5.871698
-3.152487
-2.281367
-10.016600
0.572182
2.925113
-5.558949
1.670208
4.344561
-2.868869
1.727032
-4.665702
-1.287872
6.352745
-3.218553
-2.646026
-10.323917
0.101202
2.542465
-5.377898
2.003851
4.486680
-2.854230
2.304614
-4.446940
-1.503934
6.087192
-3.630412
-2.450859
-10.386559
0.099079
2.586631
-5.435896
1.657610
3.766872
-3.647964
1.477222
-4.590414
-1.361102
6.523911
-3.124527
-2.354046
-10.224756
-0.811040
1.656042
-4.509072
1.800185
2.914325
-3.190222
2.135259
-2.854201
-1.119002
6.265979
-3.319901
-2.362888
-10.717392
-0.580873
1.864732
-4.676143
1.705071
2.770318
-3.514651
1.680742
-2.897396
-0.282355
7.403139
-2.805083
-2.792859
-10.045467
-0.912910
1.449360
-4.219771
1.966371
3.030030
-2.456506
2.278665
-2.272265
-0.411364
6.496816
-2.886674
-2.186847
-10.232271
-0.272190
2.738609
-4.236678
2.450655
3.690799
-3.370957
3.193309
-2.275874
-0.220110
6.831398
-2.437886
-2.149885
