Share
Brooke
1
-14.649225
-9.158203
-8.615691
3.984952
4.848300
-1.382239
2.908518
-2.563645
-0.950132
-3.266793
8.718583
-5.386909
-3.324722
-16.821697
-11.660786
-12.763309
5.110849
4.369356
-3.342578
4.517284
-4.800158
-1.032257
-2.908687
9.631432
-5.373554
-3.662956
-16.872147
-12.061448
-13.577133
4.874913
3.753249
-2.301303
6.025935
-3.776326
-0.551208
-1.892808
8.271391
-5.529721
-3.190786
-17.236883
-12.016072
-14.372894
6.244014
4.104979
-3.518311
5.617482
-5.662575
-0.955204
-2.700185
9.994602
-5.677584
-3.947675
-14.824495
-7.951364
-8.387902
4.777421
5.242932
-0.352610
4.019976
-2.259881
-0.364679
-1.553967
9.359984
-4.404220
-3.939631
-11.672361
-4.037958
-4.013982
3.005484
5.011633
3.376812
4.545053
-1.199901
-1.883056
-0.567803
6.183311
-2.842711
-3.774787
-9.699192
-3.620265
-4.542013
3.746467
4.307387
3.304549
6.227539
-1.829775
-1.374560
-0.148884
4.887688
-2.204937
-2.794816
-8.795492
-3.018869
-4.237474
2.959344
3.263003
3.398440
6.209971
-2.013973
-1.593177
0.053556
3.552948
-2.084632
-2.706816
-8.949476
-2.618073
-3.984211
2.739836
3.179012
3.474602
6.333430
-2.035183
-1.809994
-0.011527
3.737821
-2.439444
-3.623673
-8.149178
-1.508809
-2.799006
1.327856
2.379981
4.102927
5.723454
-1.492659
-2.066519
0.368405
2.561052
-2.368993
-3.425307
-7.589526
-0.198395
-1.407658
-0.682387
1.320845
5.346243
5.724985
-0.829840
-2.489032
0.752339
1.290851
-2.690893
-3.613651
-6.885407
1.144223
0.051321
-2.631479
0.081534
5.953656
5.213167
0.618051
-2.216054
1.567802
-0.129078
-2.370280
-3.080926
-6.519968
1.918680
1.052057
-3.567431
-0.112074
6.164304
4.377855
1.036725
-2.161623
1.931435
0.188911
-2.477635
-3.299581
-7.331983
2.036855
2.377334
-2.331760
2.017909
6.434844
2.780598
1.656146
-2.414933
0.879439
1.614270
-2.704560
-3.956443
-7.722772
1.459000
1.536441
-4.804482
0.219611
6.168908
2.805312
1.215480
-3.222098
0.892491
1.611818
-3.166487
-3.157560
-8.345423
1.201920
1.708795
-5.477631
0.374881
5.270839
0.675775
1.851313
-3.354904
0.774255
4.028405
-2.873920
-2.641208
-9.247839
0.857538
2.416703
-5.205154
1.536475
5.384575
-1.071949
2.549970
-3.664410
-0.107794
5.222330
-2.998170
-2.515284
-10.372866
-0.422065
1.163426
-5.966244
0.655022
3.424029
-2.244193
0.864175
-4.441161
-0.967321
6.341030
-3.790599
-3.429673
-11.378468
-1.586929
-0.434096
-7.007670
-0.023417
3.783697
-0.409854
1.480562
-3.681076
0.036082
6.431059
-4.344450
-3.388372
-10.736580
-1.042734
0.443704
-6.514230
0.074660
3.103787
-1.136039
1.788634
-2.934781
0.153386
6.066813
-4.324518
-3.640820
-11.068832
-0.864710
0.984309
-6.649306
0.364776
3.708667
-1.511634
2.688885
-2.848353
0.132977
6.096169
-4.434613
-3.546212
-10.302853
-0.358684
2.088797
-6.105048
1.259169
4.293469
-2.344625
3.846141
-2.456197
-0.214138
5.679338
-3.887086
-2.388983
-10.579876
-0.453580
1.764390
-6.818779
0.573841
3.944034
-2.486462
3.622836
-2.670142
0.131483
5.620946
-4.003678
-2.946370
-10.428143
-0.340245
2.352684
-5.186621
2.015296
4.128668
-3.218557
3.089163
-3.450195
-1.421355
5.884298
-4.097578
-2.853789
-9.993067
-0.260885
2.298868
-3.451277
2.147987
2.353838
-4.344317
1.766593
-3.040919
-1.529777
6.517946
-3.210853
-2.763309
-10.807251
-0.978846
1.306557
-4.834858
0.667214
1.775434
-3.838179
1.460345
-2.744104
-0.830532
5.582505
-3.499544
-3.089145
-9.881479
0.501661
2.613754
-5.712495
0.131451
1.816582
-5.420411
1.263591
-3.604278
-1.319961
4.761032
-3.567396
-3.698635
-9.792072
1.266053
3.279317
-4.789763
1.072082
2.508055
-5.177442
1.165421
-3.906389
-1.371202
5.640169
-3.383815
-3.808062
-9.460012
1.181353
3.043062
-5.928968
0.351001
2.819402
-3.902167
1.617750
-3.294379
-0.235542
5.650358
-3.106130
-3.417584
-10.755304
0.235359
0.992294
-5.008847
0.045030
1.454395
-2.994992
-0.476493
-3.122127
0.367287
7.131841
-2.975503
-4.139292
-10.363992
-0.286574
0.864129
-4.706023
0.439866
1.957019
-2.135514
0.725273
-2.455345
0.076633
6.382345
-3.819918
-4.214202
-10.824678
0.526490
1.643065
-4.192886
0.738316
1.987565
-3.175999
0.001710
-3.630301
-0.981820
6.643060
-3.957639
-4.498851
