No
Yuyu
1
-9.359605
-1.040872
-0.776646
-0.430817
1.831347
2.775379
1.362982
1.415392
0.652080
2.821809
6.201354
-0.766782
-3.009961
-7.632659
0.736193
0.287358
-0.062120
1.214273
2.747394
1.331814
-0.644940
-0.428992
3.177644
6.385768
0.571613
-2.563702
-6.666460
1.810865
1.680255
0.408885
1.585724
2.850468
-0.081337
-2.043566
-2.494196
1.972013
5.075294
1.230095
-1.330070
-7.203815
3.071636
3.140606
1.518541
3.224599
3.655234
-0.922611
-2.522039
-4.145473
0.690345
5.381546
0.787046
-1.897939
-7.264264
3.834280
4.540361
2.955263
4.989551
4.005174
-2.524849
-1.681569
-4.581121
-0.663019
4.810377
-0.269298
-2.413515
-8.372419
5.101764
6.036602
3.779670
7.131134
5.414477
-3.427702
-0.099004
-5.274684
-1.536907
5.365768
-1.742332
-4.639121
-9.670387
5.133150
6.695711
4.142819
8.385422
6.387540
-3.798121
1.819102
-4.736023
-1.849608
5.984643
-2.562745
-5.462845
-11.097252
4.820170
7.090410
3.589055
8.986811
7.390473
-4.384685
3.694811
-4.292383
-1.429197
6.842296
-2.478322
-5.018119
-10.660115
5.294980
8.026071
1.185101
7.668792
7.767087
-5.395252
4.793297
-4.210499
-1.014790
6.513022
-2.793420
-5.219969
-10.973052
4.955307
7.681557
-0.026461
6.835350
7.672979
-5.507008
4.634457
-4.946680
-1.418107
6.754118
-3.231470
-5.400984
-8.435434
5.201723
7.671995
-1.006854
4.955876
5.885449
-5.821807
4.605869
-3.169058
-0.935328
4.787589
-2.352473
-3.644051
-8.897755
5.439449
8.441054
-2.444699
4.239601
6.289305
-7.583611
5.900922
-3.639584
-0.702021
4.863751
-1.775386
-3.344971
-10.895296
5.542587
8.298880
-3.766145
3.842736
6.845175
-8.565604
5.875406
-5.063559
-0.788170
7.424255
-2.571677
-4.745438
-11.449574
3.771352
6.274890
-4.821510
2.878247
7.352832
-7.323273
7.642879
-4.675743
-0.753091
5.167552
-2.457594
-2.882381
-11.902746
3.370831
5.724546
-4.634257
2.711364
6.878230
-7.967611
7.876675
-4.122565
-0.514275
5.824500
-2.707219
-3.514760
-10.383494
3.296560
5.639745
-3.343673
3.374946
6.514303
-6.156296
6.054172
-4.221852
-1.052036
4.818162
-2.642338
-3.389433
-11.159714
3.208527
5.901146
-4.352700
3.285624
6.909441
-6.415885
6.841268
-4.051405
-0.514729
5.460277
-2.404422
-3.080565
-12.082879
3.725969
6.415366
-5.828100
2.877917
7.670889
-7.214034
7.535319
-4.600041
-0.168250
6.283289
-3.155582
-3.724855
-12.591385
2.316534
4.433580
-5.023919
2.571159
6.499846
-6.583216
6.433416
-4.313615
-0.598343
7.279130
-3.718491
-4.163805
-12.282197
1.251030
3.400254
-4.649529
2.844864
6.318119
-4.319508
4.950238
-4.196558
-0.794474
6.730820
-4.064167
-4.386642
-12.992396
-2.670816
-0.702460
-3.891262
2.691848
4.292920
-1.467173
3.091220
-3.049298
-1.428263
7.537888
-5.459170
-3.796265
-11.714518
-2.054910
-0.770001
-5.154274
1.269756
3.618153
-0.661630
1.086002
-3.954187
-0.658359
7.430146
-3.760323
-2.904987
-11.486593
-2.146367
-0.795522
-3.552417
2.292879
3.198803
-0.616575
0.018450
-3.766144
-1.363662
7.393567
-4.550857
-3.295222
-10.560849
-2.383283
-1.694165
-3.920815
0.605700
2.520922
0.161555
0.127985
-2.887048
-0.449472
5.162663
-3.812517
-2.430620
-10.795753
-1.785365
-1.171022
-2.975296
2.070738
3.400724
0.727419
0.106378
-3.029763
-0.297455
7.640844
-3.442590
-3.001466
-10.846503
-1.830036
0.213146
-3.286674
2.566581
3.693658
-0.501775
1.889261
-2.190312
-0.254539
7.185803
-3.575573
-2.908804
-9.956486
-0.109073
0.779564
-2.589112
2.422292
3.352079
-0.811446
0.117158
-3.486007
-0.589478
7.498222
-3.318830
-4.170276
-10.762313
0.790311
2.994717
-5.388805
2.089931
4.826388
-3.530060
2.855355
-4.131747
-0.620837
7.789884
-3.369088
-3.212627
-9.430799
0.357897
3.022010
-3.660856
2.810811
3.382127
-3.448338
1.837639
-3.225200
-1.096777
7.122651
-2.890925
-2.611538
-11.598433
-0.941070
0.628280
-2.705682
3.155679
3.272535
-1.476613
-0.376889
-4.732202
-1.451288
8.591146
-3.528512
-3.959304
-12.167030
-2.586308
-0.400284
-1.297431
4.325274
2.917673
-1.320011
0.223369
-4.063194
-1.994053
8.455118
-3.534136
-2.899936
-11.681093
-2.122967
0.213915
-1.953407
3.888284
2.950454
-1.830175
1.468997
-2.905784
-1.558679
8.064114
-3.710452
-3.058293
