Display
Ben
4
-8.315470
0.567635
1.099691
-1.575008
0.901126
2.569169
-1.269730
0.685270
-1.474104
1.389220
4.279836
0.229266
-0.541861
-8.765210
-0.207442
0.359314
-2.780689
0.331651
2.550840
-0.782054
1.545413
-0.859740
1.876552
5.149677
-0.291204
-0.926101
-10.076880
-2.201169
-1.078313
-1.470701
1.795583
1.725673
-0.497378
1.798340
-0.164350
0.198686
5.633784
-2.745196
-2.225101
-9.667149
-2.214345
-1.282531
-0.267611
1.861993
1.371305
-0.243430
1.847715
0.331857
0.088005
4.245494
-2.377806
-2.005510
-9.538235
0.192557
1.899873
-1.656246
2.502496
3.071369
-2.220030
3.308953
-0.830785
-0.123121
4.158840
-2.739865
-2.505053
-9.392573
1.238326
3.422412
-5.054887
1.236567
4.702138
-2.973924
5.091075
-1.955414
0.273184
3.616441
-2.347929
-1.549617
-8.932629
2.112496
4.293321
-5.520826
1.141961
5.212615
-3.338147
4.491685
-2.909809
0.065308
3.742187
-2.205880
-1.764555
-9.198639
2.618196
5.402124
-3.232106
3.456889
5.558329
-4.253583
4.744718
-3.354640
-1.110548
4.283229
-2.555312
-2.441331
-9.567424
2.594077
5.478389
-2.031637
4.551232
5.433567
-4.454985
3.499622
-4.151187
-1.597497
5.170961
-2.705756
-2.932159
-9.179622
1.993994
4.085895
-1.790391
3.463775
4.385740
-3.878581
2.497031
-3.286653
-0.422295
5.740962
-1.496388
-1.992239
-9.658350
0.955563
2.721790
-3.353455
2.059466
4.426927
-2.275803
2.672917
-2.305584
0.558515
5.700170
-1.690834
-1.962520
-10.156441
0.160673
1.867260
-3.482419
2.083807
4.732440
-1.169518
3.502949
-1.560889
0.646155
5.368640
-2.431267
-2.370121
-10.630353
-1.037428
0.648513
-3.912845
1.582291
4.739440
0.127053
3.787179
-0.974697
0.808522
4.800474
-2.433550
-1.805524
-10.762860
-0.965804
0.997638
-4.145532
1.562799
4.899096
0.014889
4.291594
-0.984540
0.586490
3.997351
-2.881437
-1.841727
-10.963186
-0.598105
0.869371
-4.404357
1.185025
4.943621
-0.881254
4.044368
-2.180828
0.112119
3.711733
-3.312516
-2.357269
-10.902098
-0.110436
2.038011
-4.989579
1.806918
5.829532
-1.636130
4.739141
-3.029468
-0.464218
4.575048
-3.175503
-1.936907
-10.993868
-0.061975
2.324102
-5.701506
1.452254
5.374010
-2.354245
4.946045
-2.670803
-0.139206
4.986592
-3.272860
-1.907937
-12.121786
-0.409518
1.699910
-4.894842
2.095169
5.605886
-2.742807
4.556302
-3.926893
-1.163890
6.090541
-3.806707
-2.631537
-10.798336
-0.404894
1.196470
-4.810518
1.212357
4.066989
-2.786189
3.124582
-3.354562
-0.638898
5.875931
-3.270490
-2.547122
-11.970181
-0.057221
2.166837
-5.128916
1.839342
4.806469
-4.271244
4.318871
-3.822503
-0.870134
7.125562
-3.403371
-2.791362
-11.148417
0.120891
2.551376
-4.568672
1.921587
4.171704
-4.445762
3.891238
-3.511107
-1.131348
6.409229
-3.361715
-2.766986
-10.336309
0.670714
3.115274
-4.258368
2.331789
4.619206
-3.480191
3.288436
-3.410680
-0.692803
6.309793
-3.054844
-2.665957
-11.501096
0.665369
3.248852
-5.099342
2.332958
5.468721
-4.249102
4.476840
-4.034949
-0.847730
6.671909
-3.208114
-2.641490
-10.901583
1.098447
3.709807
-4.546702
2.555816
5.209678
-4.788803
4.966335
-3.351566
-0.920295
6.384278
-3.463982
-3.104975
-11.847468
0.509706
3.027927
-5.308521
1.790189
4.711306
-5.687722
5.273959
-3.528202
-1.008212
6.391897
-3.721647
-3.248393
-10.417179
0.030578
2.616122
-5.266015
1.594709
3.603450
-4.217038
3.448850
-3.028458
-0.880675
6.456595
-3.351841
-2.530932
-11.251478
0.244307
2.451847
-5.709403
1.166764
3.872463
-4.784342
3.659957
-3.698590
-1.044381
6.307123
-3.981202
-3.528612
-12.066905
-0.264232
1.833345
-5.350231
1.465036
3.619524
-5.038921
3.304327
-3.808011
-0.955793
7.817275
-3.684846
-3.378101
-11.636113
-0.431559
2.097458
-5.343465
1.812115
3.734712
-4.723788
3.501059
-3.526376
-1.060221
7.524705
-3.749895
-2.919764
-11.559751
-0.677901
1.616374
-4.495897
2.257241
4.165252
-3.614705
3.556727
-3.417495
-1.200812
7.209054
-4.012202
-3.268775
-12.939184
-1.704284
0.414951
-4.979102
1.809587
3.995085
-3.846075
3.979744
-3.355886
-0.838544
7.737607
-3.786595
-2.672788
-12.025082
-1.594159
0.783344
-4.341983
2.513512
4.030759
-2.857447
3.422750
-3.083417
-1.093442
7.434255
-4.109542
-2.879175
