Cough
Yuyu
4
-8.953918
2.156854
3.547994
-2.491885
0.880983
1.957956
-5.626495
2.597070
-1.275696
1.616551
4.282343
0.403436
-2.064991
-10.283972
2.656206
4.914406
-1.925793
3.010441
3.444405
-7.222048
3.785021
-3.026470
-0.830765
6.008919
-1.958434
-3.239613
-8.102171
4.407091
6.653871
-0.979837
3.201771
3.446834
-7.255676
2.969957
-2.869335
-0.551641
3.759943
-0.960591
-2.847018
-7.716383
5.479310
7.761460
-1.124618
3.840301
5.197608
-6.882342
3.890670
-3.820356
-0.855004
3.127076
-1.011392
-2.816640
-7.004129
5.700518
7.445939
0.004688
4.232794
5.410535
-5.624681
2.614901
-4.460609
-1.170502
2.329666
-0.938207
-2.647788
-6.162333
6.493146
8.027219
0.290139
4.584914
6.109815
-4.800981
2.624544
-4.607913
-1.029596
1.833141
-0.826481
-2.758939
-7.144325
7.587677
9.635929
0.172898
5.441702
7.330584
-6.341475
3.544402
-5.415926
-1.081632
2.679201
-1.026788
-3.488408
-7.238574
5.086314
6.819675
0.956696
5.139961
5.049631
-4.474844
2.092449
-3.671738
-1.063938
3.447791
-1.499035
-3.064132
-5.913079
8.019713
10.099296
-3.637620
2.609113
6.466492
-6.439580
4.856748
-3.690760
0.358317
2.016484
-0.733235
-2.637449
-7.070403
5.805545
8.325718
-3.047109
3.113892
5.664938
-6.101045
4.910213
-2.930089
-0.278943
2.799812
-1.730536
-2.669481
-8.694373
3.437143
5.698319
-2.989543
2.772504
4.861728
-5.787085
3.931791
-3.604231
-0.763877
4.661974
-1.990092
-2.570323
-9.131796
4.547570
6.905792
-3.162833
3.192683
6.640504
-5.959131
5.786734
-3.614996
-0.194777
4.616336
-1.740728
-2.819354
-9.930141
2.729239
4.690368
-2.533490
2.909469
4.889608
-5.723403
3.989738
-3.453083
-0.536909
5.624251
-2.359695
-3.155147
-8.463235
2.641098
4.100409
-2.327239
2.234934
4.181519
-4.504504
3.276754
-2.984322
-0.341894
4.088836
-1.709123
-2.271874
-9.027789
2.096794
4.359830
-3.234504
2.206813
3.624297
-5.638330
3.120779
-3.213820
-0.918159
4.477837
-2.065629
-2.112649
-8.409730
4.794306
7.365611
-4.142227
2.158576
4.654192
-7.672345
4.051698
-4.021585
-0.755365
4.502197
-1.638292
-2.592730
-9.096117
3.959709
6.482048
-4.787551
2.113187
5.208737
-6.470430
5.036067
-3.418301
-0.544526
5.174125
-2.538805
-3.100001
-10.673788
3.197888
5.967952
-5.324759
2.389760
6.037946
-7.218189
6.179640
-4.208299
-0.803125
5.784435
-2.929492
-3.314540
-10.977734
2.430143
5.265161
-4.484350
3.115912
6.174964
-5.758252
6.016160
-3.482523
-0.473904
6.747820
-2.790908
-3.080000
-11.807312
0.488764
2.837952
-5.844914
1.531512
5.017481
-5.356122
5.124492
-3.920377
-0.877020
6.477967
-3.562679
-2.885901
-10.309311
1.613894
3.720069
-4.795948
1.736624
4.276725
-4.980561
4.111869
-3.061226
-0.284336
6.360935
-3.249895
-3.369390
-9.573967
1.161773
3.264649
-5.306915
1.307655
3.980640
-3.768024
3.026670
-3.225007
-0.401667
5.920436
-3.005171
-2.648513
-10.113523
1.468772
3.719050
-5.259740
1.220604
3.723824
-5.571219
3.705529
-3.448356
-0.674805
5.506211
-2.819211
-2.703223
-10.671975
1.531734
3.482020
-4.353300
1.730021
4.325819
-5.650320
4.162165
-3.538219
-0.499781
6.355984
-2.499750
-2.824934
-11.405699
2.914644
5.824211
-5.965478
2.004405
5.281659
-7.992887
5.745712
-4.400777
-1.020003
6.265587
-3.278488
-3.465153
-11.674760
1.044354
3.426306
-4.967605
2.115817
5.080988
-5.511912
5.248282
-3.571393
-0.603172
6.385247
-3.520284
-3.636488
-12.216883
-0.375485
1.704776
-5.104686
1.677792
4.475495
-4.762822
4.395028
-3.660863
-0.736715
7.125622
-3.552302
-3.022271
-11.877658
0.605291
2.996845
-5.217881
1.872116
4.855441
-5.994887
5.134132
-4.041118
-1.029075
6.863219
-3.331814
-2.795340
-11.787386
0.150022
2.834528
-5.672587
1.840667
4.390647
-5.442986
4.262622
-3.900105
-1.044496
7.419130
-3.549140
-2.925096
-11.252655
-0.586020
2.072747
-5.583043
1.491584
3.662789
-4.209479
3.686188
-3.030727
-0.664488
7.052667
-3.308553
-2.231537
-10.327268
-0.388662
2.247851
-4.972391
1.862128
3.643129
-3.525092
3.263032
-2.947986
-0.907727
6.509386
-3.121170
-2.113257
-10.646822
-0.718144
1.663072
-4.662886
1.467816
2.852804
-4.388885
3.306015
-2.695809
-1.140037
6.049876
-3.434998
-2.275242
