Library
Ben
0
-7.084209
5.489545
6.603180
2.303942
5.195058
5.865286
-2.580723
-1.228523
-5.686511
-0.743686
4.786427
0.027120
-2.492331
-6.536572
4.457224
4.099885
2.026662
3.617560
4.479024
-0.852602
-3.015552
-4.962716
0.229754
5.030658
0.049061
-2.743399
-6.208914
4.419014
2.543756
-0.212677
1.455526
4.560221
1.379684
-3.510396
-4.182544
1.950010
5.617122
-0.326062
-3.325266
-6.393770
3.969080
1.485243
-1.476740
0.191090
4.349399
3.232070
-1.575290
-1.892580
3.420484
6.192689
-1.043898
-4.879662
-7.419135
2.343040
0.566272
-1.976907
-0.457489
3.899134
3.766425
0.387988
0.681087
5.140970
5.467783
-0.863016
-4.676857
-7.721833
1.327289
0.236839
-2.016504
-0.377251
3.330209
3.176179
1.340899
1.371629
4.610972
4.497226
-1.616139
-4.079954
-8.127953
5.598863
7.404245
-4.079928
0.276556
2.815346
-6.332603
3.645075
-0.742447
3.023080
5.212704
-1.232035
-3.929931
-10.331803
0.942898
3.850190
-2.946897
3.021078
3.192048
-6.050432
3.877722
-2.944734
-2.202764
6.539285
-3.418050
-2.709160
-8.997608
4.748683
6.553520
-4.974036
-0.679755
1.757981
-7.055513
3.360992
-0.560167
3.297968
5.058582
-1.265882
-3.829819
-8.485560
3.307817
3.941283
-4.317457
-1.550994
2.008081
-2.186469
3.158375
1.646624
5.144238
3.823601
-1.469044
-4.004555
-8.096868
2.848277
2.515647
-3.860611
-1.585564
2.178035
-0.309015
2.028096
1.616107
5.729216
4.787414
-0.859434
-3.971869
-8.274123
3.449953
3.071026
-3.869830
-1.811856
2.008742
-0.600382
2.109286
2.162184
6.738328
4.982877
-0.260334
-4.356927
-8.570005
3.709587
3.595250
-3.940126
-1.603456
1.742525
-1.823620
1.948632
1.922612
6.724693
5.665867
0.340188
-4.270003
-8.677620
3.206898
2.978899
-4.090247
-1.311676
2.311875
-0.998507
2.450456
2.020272
6.564038
5.550060
0.179392
-4.312634
-9.882600
1.590755
1.487341
-4.569671
-0.538462
4.549740
1.588383
3.090759
1.372270
5.479626
5.216808
-1.964569
-4.601499
-12.225100
-2.701737
-2.089393
-1.463307
1.898351
4.457907
2.847899
3.075520
1.038420
2.240637
5.724183
-3.236711
-3.939370
-12.315866
-4.806423
-4.618791
0.989992
3.090463
3.580760
4.109878
0.853086
-0.840706
-0.580120
5.121196
-4.016387
-3.283515
-11.476395
-3.643711
-3.425012
-0.915170
1.773751
4.099127
4.169545
0.633560
-1.374157
-0.174541
3.258023
-3.982130
-3.046574
-10.929155
-3.817556
-3.641730
-1.002807
1.759061
3.374243
3.382379
0.838315
-0.866656
0.146699
4.412224
-3.419925
-2.764775
-9.269956
-2.557623
-1.184433
-1.490554
2.354130
3.818431
2.011903
1.771277
-1.820867
-1.182352
2.320307
-3.670465
-2.263773
-10.674001
-2.073836
-1.467229
-4.599614
0.493903
3.473303
1.668266
0.646602
-3.106799
-0.177726
4.416646
-4.982121
-4.268588
-8.863165
-1.044848
-0.339326
-3.669343
1.038464
4.182536
2.409410
0.971644
-2.324925
0.460563
5.063337
-2.318926
-1.589827
-10.418580
-1.864644
-0.772765
-2.707977
2.743950
4.281071
2.112913
0.342658
-3.105614
-0.842797
6.633926
-3.482908
-2.427618
-9.044036
1.101773
3.298556
-3.185658
3.069605
4.113223
-1.961561
1.098040
-3.914401
-1.389663
6.636103
-3.229959
-3.417640
-9.179192
1.745880
4.512264
-3.675687
3.602102
5.028916
-3.296615
1.896179
-4.829704
-1.747648
6.590264
-2.667637
-1.987576
-9.117873
1.377058
4.177559
-4.273437
2.770880
3.886956
-4.388747
1.826546
-4.053978
-1.847483
5.974354
-3.563139
-2.594742
-8.764169
2.984656
6.225646
-3.429131
4.325762
5.424426
-4.704736
2.594753
-5.349296
-2.656261
5.437723
-3.335534
-2.821776
-9.802888
1.997274
4.758289
-3.459989
3.930505
4.812633
-4.298123
1.578018
-5.395989
-2.617071
6.667633
-3.985620
-4.059035
-10.155137
-0.527137
1.746780
-3.547304
3.246741
5.022777
-0.433860
1.487453
-3.979985
-1.280867
6.699392
-3.642912
-2.780919
-11.580456
-2.062009
-0.647452
-1.891631
3.102778
3.046772
0.097132
1.009179
-2.212945
-1.331351
8.814720
-5.071461
-4.602384
-11.035329
-1.027822
0.975631
-2.531528
3.071316
3.467716
-1.160864
1.512787
-2.820965
-1.986798
7.578241
-5.171263
-4.563947
-11.383099
0.248164
2.006699
-4.773249
1.798438
3.482038
-3.427930
1.698610
-3.817842
-1.283114
8.581607
-4.675237
-5.111176
