Cute
lyn
2
-10.100795
-2.349845
-1.172464
2.035372
4.420842
1.129916
-0.598897
0.077658
-1.229590
-1.776318
6.517123
-3.283639
-3.249259
-12.277160
-2.769879
-1.422497
1.319559
4.866279
2.309504
-0.758915
0.575693
-2.264408
-1.810675
7.741808
-4.223599
-4.012206
-12.767869
-2.162091
-0.756911
0.896805
5.330522
3.741572
-0.514694
0.877236
-3.639603
-1.796573
8.681612
-3.679507
-4.049579
-12.430457
-1.652996
-0.098733
-0.332761
4.852070
4.952004
-0.046232
1.695637
-3.891868
-1.079936
6.698475
-2.116920
-2.803572
-11.843067
-0.267545
1.293729
-2.680603
2.964014
5.602331
-0.773367
2.544185
-3.771101
-0.513672
5.851503
-2.331980
-3.138608
-10.473308
2.051774
3.771127
-3.210848
2.348931
4.836355
-3.404431
3.238244
-2.760163
0.419193
6.062038
-1.947502
-4.254646
-9.720787
3.421960
5.548426
-2.540034
2.387439
3.227997
-5.850628
2.557003
-1.791314
1.725526
7.090232
0.193503
-3.348650
-10.641179
1.448381
3.689199
-3.082323
2.561062
3.684641
-5.473858
3.739547
-2.206872
-0.083163
7.292968
-2.361786
-2.783504
-11.787137
-2.366156
-1.073200
1.600419
4.428080
1.330474
-2.383603
1.220606
-1.407012
-1.629102
7.366592
-3.142603
-3.575752
-11.606819
-0.886514
1.462721
-1.201866
3.648021
2.666431
-5.123969
3.479464
-2.179873
-1.716101
7.367684
-3.391676
-2.687950
-11.733214
-1.372034
1.250015
-1.870562
3.988992
3.692458
-2.989566
3.047703
-3.189121
-1.965428
6.518812
-3.211196
-2.446559
-10.439713
-0.246711
1.256564
-1.882964
3.204845
4.177404
-1.165928
1.436879
-3.593593
-0.774711
5.710301
-2.179723
-2.707109
-9.172314
-0.352719
1.080401
-1.294149
2.906720
3.813209
-0.555764
1.453454
-2.734438
-1.037423
4.538659
-2.306865
-2.151215
-7.657017
2.055634
3.392045
-2.354466
2.103252
4.370523
-1.325518
2.487920
-1.819535
0.444628
3.794680
-2.008519
-3.012800
-7.971007
2.305639
3.637128
-3.019084
1.558102
3.944879
-2.133720
2.783445
-1.369185
1.242246
4.643678
-1.283424
-2.449220
-7.864006
4.384965
6.217535
-3.616323
1.665428
4.113037
-5.373827
3.120799
-2.644906
0.914927
4.856207
-0.620257
-2.630680
-8.547940
4.710133
7.190782
-6.023265
1.416078
5.330845
-6.155077
4.757449
-3.446245
0.504229
5.425433
-1.872346
-2.853388
-9.610564
1.619694
3.975511
-5.527932
0.936901
3.340120
-5.026491
3.461149
-2.586525
-0.185078
5.490932
-2.787073
-2.835987
-11.051061
-2.148690
0.572494
-3.040344
2.668827
2.059813
-3.400732
2.034130
-2.337431
-1.390431
7.662996
-3.046623
-1.965034
-11.495823
-1.135997
1.420728
-5.410185
1.484982
3.364681
-3.649675
2.841559
-3.228724
-0.792774
6.828419
-3.946478
-2.731744
-11.832604
-1.810574
0.826400
-5.241360
1.529811
3.257048
-3.074399
3.161413
-2.992622
-1.357201
6.136675
-4.470417
-2.824711
-9.331264
0.491291
2.262580
-3.873409
1.600744
3.169431
-3.224890
2.336487
-2.640844
-0.402839
5.992077
-2.925196
-3.019900
-10.715070
-1.077109
0.481109
-5.138269
0.979941
3.796169
-1.427079
2.842482
-2.572975
0.136882
6.015594
-3.437177
-2.395968
-11.058160
0.735644
3.420019
-5.207422
1.915243
4.322899
-5.275011
4.523490
-3.197383
-0.646819
6.758177
-3.349677
-2.996776
-11.266246
0.138765
2.691334
-4.866342
2.121515
4.354592
-4.968414
4.600688
-3.335842
-1.138795
6.664889
-3.779152
-3.016532
-11.946477
0.061599
2.541028
-5.059088
2.280699
4.618132
-4.731168
4.152500
-3.932857
-1.218341
7.950384
-4.002331
-3.348001
-11.961492
-1.282852
1.123766
-3.865943
2.647298
3.491893
-3.607578
3.427492
-2.581618
-1.059931
7.936039
-4.215059
-3.159526
-11.370399
-1.152743
1.302712
-4.553455
2.224241
3.374777
-3.757192
2.698249
-3.348097
-1.442921
7.451498
-3.906080
-2.600624
-12.202461
-1.533492
0.294085
-4.013501
2.170863
3.606198
-3.144949
2.724433
-3.671436
-1.452041
7.732876
-4.195076
-3.402301
-13.293937
-1.315466
0.831293
-5.154786
1.890722
4.063681
-4.803794
3.773731
-4.231606
-1.670965
7.751461
-4.609391
-3.479840
-12.543983
-1.177290
0.998007
-4.957716
1.931789
4.038740
-3.935905
3.976349
-3.370081
-1.075213
7.810777
-4.220806
-3.275267
-11.832471
-1.992701
0.107290
-3.367672
2.353338
3.117701
-3.192701
2.974394
-2.951613
-1.500473
6.670137
-4.064226
-2.872239
