on
ben
2
-8.090801
3.627462
4.958805
6.530778
7.106947
2.200406
-4.858168
0.487197
-1.803609
-1.604182
4.196955
-2.178586
-5.180727
-8.360166
3.878259
5.299474
6.460551
7.250051
2.640876
-4.775078
0.288902
-2.346896
-1.462991
4.174980
-2.325701
-5.798810
-8.400359
4.001434
5.149131
6.164597
7.123061
2.757434
-4.639005
0.030438
-2.637124
-1.427758
4.260324
-2.414507
-5.952106
-8.393806
3.891319
5.157304
6.667004
7.211893
2.087132
-5.381742
0.446872
-1.888959
-1.785801
4.154879
-2.529031
-5.751137
-7.997248
3.409850
4.561109
6.274385
6.459444
1.404880
-5.084476
-0.160042
-1.602622
-1.512730
4.099607
-2.206628
-5.085191
-7.860828
1.919132
3.218343
6.039088
4.954245
-0.211694
-4.823027
-2.391370
-1.465664
-0.793415
4.595512
-0.675917
-3.025861
-7.906718
0.519802
1.569822
4.086714
2.878267
-0.909002
-3.607284
-3.230238
-0.800027
1.185544
5.775337
0.954899
-1.417158
-8.014706
0.227106
1.373507
1.480082
2.260844
0.489781
-2.310378
-1.008420
0.019576
2.199984
6.255014
0.575683
-1.522746
-8.877887
0.436224
2.167166
-2.260055
1.430698
2.265993
-2.781807
2.192256
-0.053582
2.404747
6.208803
-0.222119
-1.898199
-9.268714
1.404021
2.466602
-6.645042
-0.638573
3.953496
-2.800367
3.300744
-2.243453
2.082367
4.691050
-1.861087
-2.224934
-9.776849
0.218094
1.490088
-5.245552
0.317846
3.686458
-2.524153
3.080485
-2.190202
1.179266
5.374648
-2.379780
-2.458502
-10.703647
0.094764
1.625466
-6.748169
-0.206060
3.154840
-3.035828
3.197712
-1.906570
1.624280
6.061414
-2.961649
-2.927672
-10.952916
-0.457230
1.558561
-6.512814
0.409578
3.342959
-3.266462
3.589437
-2.140142
0.579903
6.541331
-3.502770
-2.720519
-11.956370
-0.800550
1.527418
-6.385366
1.153833
4.221205
-3.612377
4.285263
-2.917936
0.020390
7.335735
-3.854710
-2.952229
-12.229199
0.085838
1.621445
-4.904484
1.696786
4.660441
-3.908687
3.686267
-3.789898
-0.595899
8.048799
-3.870374
-3.763673
-11.424535
-0.040653
1.790638
-5.793941
0.870013
3.967643
-4.318062
3.024550
-4.258032
-0.728597
6.813689
-3.256310
-3.015108
-11.974620
0.138277
2.159771
-5.771114
0.993921
4.547736
-4.624933
5.167922
-2.933637
0.236826
6.752413
-2.527718
-2.232739
-12.339452
0.320762
2.959623
-5.684177
2.016556
5.331326
-5.595537
5.783582
-3.943398
-1.013183
7.120258
-3.791967
-3.058935
-13.369908
-1.366560
0.468433
-3.895515
2.333338
4.442607
-4.366560
4.720914
-3.774766
-1.262707
7.006760
-3.559938
-2.464323
-12.752238
-0.527509
1.563363
-5.642331
1.462828
4.460984
-4.969386
4.738845
-3.813696
-0.630828
7.349905
-3.865411
-3.375145
-11.384586
-0.352745
2.283757
-5.134909
1.702241
3.807287
-5.249201
4.451421
-3.165442
-0.964867
6.608753
-3.423007
-2.531338
-12.132895
-0.544064
1.325583
-5.758040
1.028917
4.487587
-3.822806
4.666283
-3.020550
0.391801
6.914932
-3.005835
-2.567036
-11.818916
-0.721883
1.408982
-4.979581
1.789145
4.297056
-3.229913
4.099338
-2.679056
0.194323
7.998489
-3.164052
-2.909327
-12.073880
-0.558235
1.805590
-4.354553
2.515749
4.282844
-4.064394
4.223803
-2.698233
-0.715566
7.842382
-4.108941
-3.484676
-9.648791
0.464213
2.857351
-4.014004
2.690109
4.402372
-2.565821
3.022658
-2.642505
-0.577877
6.749508
-3.482065
-2.916894
-10.280316
0.396251
2.856030
-4.482772
2.596595
4.936371
-2.865389
3.795195
-3.200197
-0.886496
6.023302
-3.757314
-2.859446
-11.599751
0.394676
2.729247
-3.833051
2.765208
4.759063
-5.115188
4.498409
-3.701304
-1.183105
7.021490
-3.398967
-2.998702
-11.359830
0.558201
3.111257
-4.808836
1.960329
3.852307
-5.796032
4.448040
-2.936914
-1.257933
6.594141
-3.863322
-2.650600
-10.749458
-0.464477
1.939089
-3.809788
2.362396
3.449102
-3.726473
3.205447
-2.514218
-0.892093
7.102139
-3.318740
-2.493037
-9.682973
-0.126501
2.132137
-3.936612
1.941692
3.084558
-3.049222
2.135831
-2.753473
-0.931871
5.907104
-3.208192
-2.612615
-10.879277
0.296204
2.990422
-5.037782
1.801348
3.960451
-4.752619
4.463129
-2.614511
-0.368884
6.606976
-2.921247
-2.254912
-11.320602
0.194749
2.806815
-5.784153
1.586651
4.184542
-5.063871
3.904871
-3.805976
-0.803016
7.067265
-3.252308
-2.638917
