Cat
George
7
-10.701044
-1.989616
-2.458641
-0.696268
2.241162
3.201127
2.674603
-0.203697
-2.243750
0.295149
6.011820
-3.145547
-3.663049
-8.908190
-0.237753
-1.360301
-2.735086
0.336271
4.000863
3.159129
-0.415882
-2.842847
1.024784
3.713513
-2.722238
-3.621310
-6.694299
2.446191
1.313084
-3.312487
-0.045613
5.047801
2.920260
0.197998
-2.439528
2.183115
2.333378
-1.761923
-3.529130
-6.521823
3.005015
2.402092
-3.700329
0.146614
5.181773
1.978430
0.877840
-1.981461
2.471793
2.778569
-1.795105
-3.850889
-7.004778
3.190671
3.422488
-4.258557
0.544162
5.112669
0.280784
1.587938
-2.248893
1.852093
3.363158
-2.252465
-3.944090
-7.764437
2.791526
3.793365
-4.736697
0.793254
4.926897
-1.035877
2.148327
-2.420867
1.531296
4.501918
-2.073081
-3.512528
-8.610214
2.386555
3.513989
-4.884070
0.994110
4.675573
-1.537030
1.923352
-2.774229
1.231710
5.812216
-2.306524
-3.661207
-10.030870
0.491496
2.225754
-4.326360
1.486444
3.653896
-2.844871
2.311312
-2.836483
0.064782
6.355043
-2.776675
-3.180285
-11.264062
-1.310521
0.761932
-3.711982
1.994621
3.081721
-3.240952
3.122794
-2.731841
-1.110782
6.148620
-3.683086
-2.971970
-10.450245
-1.343838
0.813638
-2.890540
2.301689
2.534875
-2.597334
1.859111
-2.743851
-1.276611
5.930009
-3.049180
-2.441209
-10.200985
-2.830136
-0.897902
-1.310253
2.653594
1.199520
-1.102783
0.479763
-1.855897
-1.449746
6.000540
-3.210205
-2.408272
-10.822788
-2.118576
0.345028
-2.411012
2.838082
2.525745
-2.081033
2.093059
-2.439907
-1.571050
6.178914
-3.350123
-2.275501
-10.635952
-2.106997
-0.070735
-1.963658
2.531750
2.352201
-2.068944
2.325443
-1.899345
-0.908022
6.035359
-2.731325
-1.954955
-10.512958
-0.627136
1.662518
-3.852351
1.968740
3.252039
-3.123344
2.970043
-2.520282
-0.567657
6.416520
-3.033854
-2.510216
-10.939322
-0.227454
2.153015
-4.989497
1.812398
3.704285
-3.804330
3.342513
-2.978446
-0.573335
7.006853
-3.462128
-2.912902
-10.725790
-0.633783
1.715789
-5.092713
1.592637
3.287224
-3.350501
2.873072
-2.794305
-0.528187
6.836899
-3.534618
-2.764131
-11.072309
-0.271479
2.228486
-5.571640
1.572248
4.049530
-3.686747
3.699096
-3.037250
-0.424428
7.127579
-3.200487
-2.470643
-10.736673
-0.260400
2.391318
-5.221706
1.617353
3.444207
-4.170228
3.270008
-3.019650
-0.777544
6.811627
-3.285524
-2.397907
-10.697566
-0.223797
2.374383
-4.653731
2.260146
3.755566
-3.893879
2.934841
-3.393114
-1.212261
6.946515
-3.526259
-2.664109
-10.707035
0.140431
2.851918
-5.440281
1.734369
3.752474
-4.593336
3.274329
-3.416462
-0.894827
6.810893
-3.276871
-2.557079
-10.522445
0.449715
3.248465
-5.927329
1.455925
3.829228
-4.750639
3.712723
-3.241115
-0.633537
6.546515
-3.090060
-2.396630
-10.425057
0.661214
3.430160
-5.158326
2.030754
4.116574
-4.315194
3.650074
-3.067715
-0.735927
6.899016
-3.221358
-2.648033
-10.662477
-0.082756
2.750911
-5.675660
1.526888
3.467867
-4.733562
3.143123
-3.408300
-1.008470
6.625081
-3.170669
-2.250285
-10.837257
-0.091040
2.657417
-5.540033
1.645963
3.662508
-4.458184
3.576930
-3.006825
-0.793627
6.867221
-3.453071
-2.480760
-10.962306
-0.527752
1.950717
-5.058352
1.848036
3.684744
-3.595399
3.031728
-3.292431
-1.143573
6.704901
-3.821249
-2.854562
-11.006712
-0.319588
2.336121
-4.821419
2.163134
3.608274
-4.169072
2.795755
-3.627872
-1.284856
7.296674
-3.507363
-2.753647
-11.177834
-0.417733
2.188545
-5.306645
1.877581
3.848064
-4.104263
3.191147
-3.677169
-1.368305
6.835113
-3.838540
-2.763629
-10.634651
0.060472
2.565707
-5.528279
1.546180
3.733602
-4.210962
3.138446
-3.350918
-0.749580
6.816291
-3.258538
-2.560679
-10.681539
-0.008645
2.381723
-5.641614
1.361102
3.668653
-3.778981
2.806411
-3.365853
-0.688851
6.789369
-3.341823
-2.858964
-10.575591
-0.027715
2.581407
-5.199919
1.707186
3.683522
-3.871197
3.346739
-2.744536
-0.435463
6.664409
-3.071655
-2.687611
-10.786981
-0.160968
2.359519
-4.874164
1.690506
3.143765
-4.502100
2.864844
-2.977596
-0.796725
6.945962
-3.323333
-2.859924
-10.884457
-0.100970
2.253165
-4.851665
1.835308
3.521430
-3.798905
2.779572
-3.141911
-0.821698
7.179195
-3.376143
-2.940794
