No
ben
3
-8.494231
1.076747
1.020650
2.448521
3.749556
2.670870
-0.400688
-0.901613
-1.591064
0.148160
6.303290
-0.744009
-1.298465
-8.471058
2.968459
3.087453
3.426072
4.985953
3.940083
-1.473673
-1.681711
-3.297162
-0.748328
5.779732
-1.528707
-2.206770
-8.487631
4.100305
4.540940
4.768290
6.387234
3.872288
-3.392110
-0.132614
-2.928045
-1.876083
5.175019
-2.482189
-3.415775
-8.448207
4.848347
5.671877
4.907970
7.344226
4.339102
-4.284496
1.207412
-3.324538
-2.621463
4.228336
-2.660219
-3.398806
-8.437339
4.744521
6.433098
4.623602
7.654851
4.968617
-4.445098
2.732973
-2.933619
-2.682031
3.340288
-2.407403
-3.355601
-8.040066
5.433791
7.644478
4.347649
7.794910
5.243779
-5.293499
4.367310
-2.245119
-2.565161
2.651235
-2.254634
-3.628949
-7.579691
5.866034
8.605971
3.327922
7.321659
5.420759
-6.052986
5.272501
-1.844772
-2.106341
2.347376
-1.551516
-3.147031
-8.922763
5.745108
8.542791
-1.414589
4.738465
6.901611
-7.390972
7.562264
-2.959403
-0.959980
3.029755
-1.569996
-3.017669
-7.981555
7.913719
11.017655
-2.767223
4.491967
7.998848
-8.116760
8.157835
-3.473828
-0.150324
2.626045
-0.778109
-2.830465
-9.002151
6.714424
9.871643
-3.505748
4.289200
8.228571
-7.622345
7.686510
-4.068717
0.045209
4.434338
-1.482095
-3.730804
-10.669737
3.747918
6.637865
-4.500905
3.012686
6.738665
-7.577800
7.494206
-3.813325
-0.536402
5.603041
-2.161526
-2.856143
-11.490577
3.943186
6.736216
-5.373576
2.472272
6.984016
-8.704495
8.162518
-4.225547
-0.391552
5.816323
-2.250438
-3.112742
-11.300891
3.840238
6.888764
-5.045279
2.805957
6.664401
-8.378119
7.669758
-4.022470
-0.461051
6.118467
-1.940614
-2.896397
-11.315409
2.520818
5.484251
-5.918149
1.923687
5.510900
-7.678999
6.391345
-3.983508
-0.894149
6.170445
-3.134988
-3.076344
-10.296804
1.478268
3.761531
-4.579902
1.996948
4.992841
-4.871748
4.905914
-3.457035
-0.825832
5.614500
-2.852551
-2.711549
-12.297072
1.396999
3.427537
-4.672156
2.230982
5.354994
-5.918233
5.124342
-4.105369
-0.600632
7.979936
-3.201210
-3.886014
-11.790348
1.169907
2.776602
-3.891727
2.016314
4.865356
-5.608070
4.750700
-3.950511
-0.862072
6.815655
-3.056686
-3.552510
-12.998180
1.760276
4.222299
-4.986647
2.703690
6.283598
-6.937787
6.631517
-4.378942
-0.721572
7.670295
-3.040658
-3.425086
-12.134835
0.510440
2.121152
-5.084373
1.286233
4.616437
-5.255050
4.372931
-3.991208
-0.583636
7.133496
-3.041084
-3.111633
-12.489207
2.011771
4.040760
-5.792368
1.321454
5.815277
-8.071547
6.784752
-4.759113
-0.803147
6.154698
-2.887491
-3.014312
-11.886778
1.207531
2.737385
-5.335171
1.296970
5.277879
-5.082796
4.164161
-4.731266
-0.437920
6.612656
-2.507419
-2.893219
-11.107779
1.575321
3.682011
-5.096635
1.540247
4.723722
-6.124413
4.377277
-4.508252
-1.127189
6.196293
-2.866670
-2.975767
-11.240469
1.379696
3.122043
-4.914369
1.461930
4.583869
-5.769996
4.101320
-4.334568
-0.939047
6.758689
-3.191764
-3.447656
-12.074723
2.026757
3.988422
-4.684698
2.063839
5.623294
-6.983769
5.607398
-4.363533
-0.506002
6.933197
-2.750101
-3.379647
-12.829247
0.380401
2.456963
-5.198972
1.667085
4.580047
-6.300213
4.728540
-4.279164
-1.240422
7.457897
-3.826973
-3.478326
-13.481359
0.713083
2.053623
-5.154751
1.552681
5.440413
-6.021757
5.191259
-4.720572
-0.553303
7.788645
-3.283763
-3.618184
-14.118636
0.015267
1.313759
-4.096954
2.309018
5.179508
-5.894854
4.721404
-4.971585
-1.082095
8.551268
-3.889171
-4.084569
-12.705715
-0.259363
1.648161
-4.615283
2.317996
4.708093
-4.800759
3.586765
-4.832119
-1.507393
7.657800
-3.781786
-3.144282
-11.957988
-0.602711
1.269787
-4.928856
1.674230
3.886574
-3.718470
2.498563
-4.063914
-1.029026
7.995979
-3.317684
-2.543156
-12.079402
-0.773456
1.152613
-4.098300
2.297392
4.419418
-3.452719
3.437452
-3.749221
-0.968019
7.461114
-3.272404
-2.509955
-10.941132
-1.266567
0.498246
-4.651757
1.483516
3.617316
-2.243778
2.605536
-3.148540
-0.607904
6.359211
-3.257505
-2.041548
-11.445406
-1.007136
1.065344
-4.256669
1.894853
3.392569
-3.631323
3.201398
-2.974816
-0.876035
7.117351
-3.589340
-2.837291
