Cat
Briggs
0
-10.083961
-4.413863
-4.962291
1.627379
2.581043
0.792964
3.388163
-2.797538
-2.313620
-0.768218
5.665875
-2.349972
-2.312227
-11.121948
-1.696055
-0.021997
-3.321528
2.045250
4.741371
-0.102115
3.692976
-2.317442
-0.487611
4.731504
-2.961787
-1.756902
-6.865317
3.442050
3.475750
-5.786004
-0.590905
6.140156
1.117353
3.467623
-1.667402
2.601396
1.707987
-1.204487
-1.876340
-5.976480
3.505107
3.313619
-4.792498
-0.805030
5.006826
0.679506
3.246694
-0.717633
3.127852
1.389390
-0.146969
-1.269176
-5.611482
3.966193
3.435364
-4.666948
-1.059449
4.735860
0.591144
2.284406
-1.131656
3.316460
1.658078
0.307809
-1.449001
-5.629066
4.713794
4.211995
-5.627851
-1.211760
5.672192
0.762661
2.150812
-2.174062
3.470742
2.104947
0.214617
-2.009487
-7.008879
2.959029
3.319732
-4.765003
-0.170472
4.554141
-0.530643
2.370286
-1.728216
2.456549
3.623490
-0.814429
-2.416519
-10.192945
1.920489
3.458421
-5.874507
0.809660
5.454175
-3.728406
4.639054
-3.046151
0.946229
5.681077
-2.384555
-2.905386
-9.662254
1.357702
2.841658
-4.568454
1.255810
4.309196
-3.199465
3.063659
-2.767838
0.712632
6.284516
-2.403620
-3.207344
-10.119562
-1.637770
0.207104
-2.124598
2.432253
2.478404
-1.223821
0.993398
-2.223377
-0.224734
6.964639
-2.189791
-1.963831
-10.308188
-1.829275
0.521967
-2.904272
2.108506
2.277514
-2.577658
2.293515
-1.853477
-0.443792
6.578468
-2.467642
-1.983338
-10.814341
-0.618036
0.253249
-2.239528
1.962318
3.599282
-1.816704
1.891924
-2.989710
0.133727
6.296048
-2.188715
-3.038662
-11.536918
-0.539306
0.833819
-3.159772
2.190248
4.447552
-2.342275
3.591074
-2.529992
0.231225
6.825819
-2.546993
-2.937885
-10.010371
0.182239
1.957780
-3.832417
1.579887
3.535043
-2.929100
3.923360
-1.632570
0.008736
5.308743
-2.376336
-1.869962
-10.246394
0.761628
2.176333
-4.627136
0.880513
3.682792
-3.409779
3.409157
-2.033714
0.836841
5.597449
-2.147774
-2.644047
-9.554945
0.113956
1.585250
-4.458973
0.570426
2.530310
-2.759006
2.410419
-1.332952
0.951326
5.017124
-1.968225
-2.123830
-8.997190
0.959182
2.183581
-4.257036
0.849881
3.271805
-2.518695
1.898292
-2.283202
0.782896
5.556437
-2.011073
-2.500710
-8.866228
-0.018285
0.976910
-3.635077
1.073236
2.808106
-1.204829
1.184529
-1.952131
0.419557
5.580213
-2.673735
-2.744885
-9.733616
0.398650
1.571657
-5.305930
0.289261
3.222461
-2.690745
1.723270
-3.003195
0.347546
5.824896
-2.852540
-2.950379
-9.534780
1.521077
2.762848
-5.832265
0.314588
4.179139
-3.446843
2.604523
-3.589230
0.432790
5.443568
-2.405030
-2.829429
-10.363070
0.979108
2.645464
-6.468068
0.273702
4.282964
-3.656668
3.206473
-3.560774
0.410544
6.079606
-2.571228
-2.520844
-11.333017
-0.794547
1.550688
-5.423250
1.097078
3.174540
-4.377397
3.266171
-2.993202
-0.456319
6.827776
-3.150305
-2.638305
-10.562595
-0.702251
1.718907
-4.991098
1.353486
2.867074
-3.982188
2.656023
-2.917604
-0.764434
6.543530
-3.174263
-2.607856
-10.694213
-0.538094
1.972070
-4.635066
1.782411
3.261400
-4.262053
3.293025
-2.908986
-0.891595
6.728393
-3.073565
-2.243190
-10.084462
-0.156356
1.996177
-4.582781
1.226034
2.882252
-4.213158
2.473054
-2.898026
-0.710625
5.666934
-2.664610
-1.965262
-10.693914
-0.726309
1.104893
-3.997113
1.686466
3.183137
-3.185840
2.348951
-2.981044
-0.633893
6.769127
-3.033731
-2.641737
-11.352002
-0.013714
2.353876
-4.296590
1.957682
3.288376
-5.112664
2.955994
-3.302933
-0.777201
7.542827
-3.004164
-2.927062
-11.307530
-0.330317
2.387367
-4.380231
2.039916
3.338657
-5.119564
3.795793
-2.817198
-0.784347
7.137106
-2.952704
-2.199871
-10.588272
-0.893091
1.701260
-3.512693
2.580536
2.993390
-3.244118
2.960556
-1.998595
-0.812478
7.260983
-3.429710
-2.412542
-9.986664
-0.251663
2.193719
-4.435322
1.848611
3.527206
-2.892360
3.320716
-2.222234
-0.233287
6.150640
-2.865569
-1.889350
-10.175501
0.101029
2.857584
-5.233635
1.625736
3.554330
-4.221819
3.682704
-2.522168
-0.340897
6.206736
-2.748600
-2.108883
-10.879190
-0.293957
2.239153
-5.153956
1.690272
3.550765
-3.944715
3.078035
-3.034772
-0.525336
7.098077
-3.289666
-2.645181
