All
Yuyu
1
-12.032924
3.831612
4.788896
6.825916
11.246364
7.437221
0.199542
-0.067159
-6.417010
-1.124873
7.012678
-1.751986
-6.245140
-12.141136
3.956820
5.189068
6.403854
11.393446
8.189400
0.125832
1.048646
-6.142200
-1.045880
7.053369
-1.667200
-5.992114
-13.141599
4.118727
5.650370
6.640493
11.635493
8.112409
-0.496840
1.546425
-5.454194
-0.223278
8.315562
-1.222040
-6.517603
-13.917550
4.384442
6.052835
6.822544
12.060059
8.713245
-0.638911
2.294241
-5.180068
-0.182182
9.127866
-1.564466
-7.289413
-13.905719
5.256258
6.840403
6.025794
12.063004
9.387655
-1.441207
2.449350
-5.800305
-0.223997
9.224728
-1.674566
-7.027459
-13.961508
5.501495
6.979502
5.427306
11.434858
9.448265
-1.823034
2.698619
-5.190954
0.373251
9.896746
-1.800134
-7.258336
-14.158319
5.689753
7.757693
5.441798
11.985625
10.083736
-2.434852
3.791783
-5.550174
-0.239406
9.221840
-1.773783
-7.068921
-13.655649
6.050275
8.413330
4.946450
11.232254
9.627903
-3.921198
5.375528
-4.014418
-0.190441
9.009291
-1.971276
-6.859354
-13.026489
5.102924
8.375950
3.318742
10.341516
8.938485
-5.035887
7.088111
-2.390601
-0.147415
8.107018
-1.881861
-5.528891
-10.569773
5.554835
9.275820
-1.621855
6.612552
9.020235
-6.277938
8.468206
-2.779646
0.561244
6.234968
-0.941824
-3.543041
-9.186808
3.695664
6.948324
-3.123851
4.133358
6.191312
-5.745984
5.953801
-2.797063
-0.387163
6.058611
-1.753955
-2.398443
-12.536386
4.708949
7.221600
-3.759694
4.134024
8.615337
-8.803993
8.641905
-5.095260
-0.515460
7.021294
-2.490804
-4.287508
-11.246782
3.401712
5.827554
-4.551542
3.011584
7.125996
-7.024014
6.789582
-4.656133
-0.569225
6.675491
-2.623489
-3.513937
-11.892990
1.293524
3.554927
-3.642193
3.259157
5.585981
-5.491636
5.124696
-3.981250
-1.106611
7.967096
-3.345183
-3.390118
-13.427819
1.867155
3.769276
-4.053418
2.791166
6.393147
-7.870865
6.840070
-4.954653
-0.938999
8.123945
-3.208094
-4.101628
-12.938969
1.002119
3.109616
-3.750290
2.898984
5.592814
-6.933195
6.120855
-4.406998
-1.310517
7.818875
-3.250142
-3.434887
-12.213053
0.491288
2.804925
-4.537992
2.333929
4.987125
-6.098680
5.339512
-4.098877
-1.200669
7.177177
-3.411066
-3.099216
-11.269625
0.791331
3.383420
-4.875270
2.100314
4.957916
-6.129349
5.378502
-4.395896
-1.770962
5.518341
-3.002983
-1.977525
-12.871521
-0.449429
1.731340
-5.019233
1.965009
4.908692
-5.264072
5.389266
-3.637631
-0.781506
7.566007
-3.720232
-3.076212
-12.516300
-0.180428
1.416057
-5.715745
1.201252
5.109116
-4.294408
3.914285
-5.050670
-0.933459
7.151403
-3.297600
-3.013104
-11.588602
0.744250
3.404470
-5.791030
1.891936
5.044374
-5.433331
4.487425
-4.621235
-0.954246
7.283299
-2.854709
-2.509572
-11.163564
0.260552
2.063433
-5.267733
1.728449
4.866578
-3.325422
3.100880
-4.317735
-0.452120
7.537050
-2.863225
-2.510735
-11.811922
-0.039240
2.408868
-5.199510
2.352211
4.788839
-3.917336
3.002108
-4.619473
-0.929025
8.277497
-3.305545
-2.846833
-10.064555
-0.835294
0.304891
-4.472944
0.809872
3.048594
-1.781161
1.350393
-3.229481
-0.082805
5.906171
-3.000824
-2.785415
-10.254583
-1.524414
0.571569
-5.244794
0.852568
2.346915
-2.154232
2.337704
-1.823009
-0.241917
5.902613
-3.707562
-2.450639
-10.749697
-1.010092
0.975143
-5.314993
1.099262
2.950785
-2.260797
2.417993
-2.017220
-0.049134
6.856722
-3.983394
-2.759598
-11.118090
-1.041125
0.907033
-5.539000
1.241984
3.512516
-2.319006
2.425286
-2.912716
-0.383333
7.492565
-3.703650
-2.446584
-11.492680
-1.728848
0.118275
-5.393712
1.078196
2.871299
-2.242613
1.984110
-3.130404
-0.921703
7.182924
-4.383049
-3.441538
-11.336010
-1.779091
0.508693
-4.095062
2.137755
2.808735
-2.806115
2.820454
-2.124421
-0.952805
7.523860
-4.191663
-2.841091
-11.879999
-2.038949
0.196165
-5.270086
1.472286
3.117253
-2.884232
2.763352
-2.997578
-0.951450
7.505966
-3.888114
-2.613048
-11.239012
-1.171258
1.151518
-4.492025
2.082273
3.465791
-3.029809
2.266747
-3.683214
-1.720130
7.170972
-4.213033
-3.097395
-10.879427
-1.002338
1.560770
-6.616975
0.666515
3.502369
-3.328566
3.452829
-3.030910
-0.401940
6.161868
-3.468599
-2.387383
