crazy
ben
2
-8.403717
3.569092
3.922095
-4.957670
-0.992930
3.202727
-3.234133
3.170161
-0.748693
3.506615
4.392775
-1.422668
-3.227463
-9.749291
0.401440
0.420918
-3.720016
-0.845599
2.336982
0.115018
3.187698
1.367262
3.596192
2.832866
-2.678348
-2.652477
-11.788159
-2.906256
-2.539059
-2.393658
0.320221
2.917426
2.237405
3.225512
0.865935
2.039411
2.421520
-3.428065
-2.425574
-12.335289
-4.428292
-3.852899
-1.646074
1.214990
3.653888
2.964254
2.939876
-0.107450
0.778828
2.357002
-3.215032
-1.698500
-11.808377
-4.387255
-4.162089
-2.138365
0.849488
4.017395
3.863856
2.127013
-1.327288
0.523429
2.236464
-2.542311
-0.869317
-11.426702
-3.638953
-2.653767
-2.876311
1.057072
3.230476
1.761740
0.993624
-2.672738
-0.940426
3.260900
-3.333864
-1.694661
-11.388209
-4.893191
-3.224970
-0.562985
2.939363
2.680670
1.606122
1.359398
-1.975676
-1.909480
4.295002
-3.249586
-1.066684
-13.317181
-7.047121
-6.306383
0.578653
2.913007
3.414134
4.975345
1.102911
-1.204332
-0.961751
3.503525
-3.601547
-1.069925
-14.731463
-8.179898
-7.682014
1.567123
3.103962
4.184160
6.227989
1.566191
-0.960037
-0.708978
3.332888
-3.217492
-0.537839
-14.446083
-7.370037
-6.837436
1.474355
3.334435
4.865427
5.850031
1.307458
-1.666795
-1.118210
3.568378
-3.302457
-0.972254
-13.716460
-5.368795
-5.142081
0.007852
3.040220
5.287593
4.354711
1.646681
-3.173791
-1.348109
4.016238
-3.256964
-1.447022
-13.821879
-5.524412
-4.787607
0.289013
3.669104
3.870090
4.229459
-0.198996
-2.952791
-1.288498
6.501520
-3.248052
-1.958191
-11.983540
-3.289668
-2.486850
-0.250422
3.830079
3.920086
2.112773
-0.062184
-3.886643
-1.507220
6.301271
-3.013999
-2.329528
-13.111783
-2.616031
-1.762953
-2.474371
2.672907
3.972496
-0.979109
1.507154
-4.517391
-1.376885
7.558801
-3.442200
-2.820494
-13.161614
-2.306121
-1.076678
-3.530708
2.391747
4.513243
-1.473072
2.853154
-3.963993
-1.241856
7.197397
-4.198111
-3.039775
-12.988445
-0.909020
1.070891
-4.693436
1.970565
5.298820
-4.119231
5.787355
-3.453877
-0.956476
5.989586
-4.183872
-3.196002
-10.726334
0.520150
2.342661
-5.020166
1.408385
5.230503
-3.310796
4.298723
-3.621885
-0.547531
4.813480
-3.211458
-3.148696
-11.182475
1.226623
3.869768
-4.470131
2.314447
4.941834
-6.355400
5.526140
-3.671342
-1.095952
5.920691
-2.793669
-2.719666
-13.375171
0.946769
2.888063
-4.729902
1.999587
6.293411
-6.641079
7.046233
-4.269527
-0.506926
6.849451
-2.997739
-3.187836
-12.994278
0.778899
2.972613
-5.098352
1.962320
5.644039
-6.427193
6.506744
-4.013359
-0.517067
7.372759
-3.368221
-3.352410
-11.524231
0.305290
2.468359
-4.302715
2.042972
4.652523
-4.867500
5.148157
-3.140084
-0.688029
6.100708
-3.325253
-2.949015
-11.649387
0.460812
2.136767
-5.418289
1.104977
4.831211
-4.901181
4.666200
-4.073854
-0.455723
6.024937
-3.246178
-2.894052
-12.333318
0.923469
2.250768
-6.296938
0.798966
6.108311
-4.687853
5.159486
-5.140562
-0.549472
5.800097
-3.624624
-3.342738
-12.215114
1.314572
3.262581
-5.577735
1.671774
5.770051
-6.019503
5.376045
-4.879892
-0.702546
6.821190
-2.959637
-2.840513
-12.440384
1.793153
3.850628
-6.612064
0.856532
6.072386
-6.919712
6.732519
-4.517033
-0.064193
6.361434
-2.685723
-2.816967
-11.600430
1.112175
3.475325
-5.472830
1.483524
4.674490
-6.230442
5.476144
-3.560780
-0.716945
6.922012
-3.212893
-3.047700
-10.884884
0.877347
2.832384
-6.311759
0.483000
3.970898
-4.533821
3.686305
-3.241178
0.292556
6.826840
-2.953426
-3.139959
-11.459468
-0.643187
1.935832
-4.860618
2.096909
3.954205
-4.312412
4.222886
-2.754992
-1.142440
6.742198
-4.148400
-2.857285
-10.825742
-0.294703
2.434820
-4.546241
2.142704
3.714291
-4.477651
4.017025
-2.692654
-1.030324
6.482088
-3.357856
-2.551481
-10.205089
-0.825256
1.813802
-4.286228
1.883597
2.752625
-4.113749
2.891873
-2.720757
-1.339944
5.974688
-3.201204
-2.151766
-11.656114
0.400891
3.473053
-5.143693
2.233306
4.200655
-6.253730
5.130337
-3.185763
-1.303736
7.005724
-3.703750
-2.941735
-11.273273
0.176358
3.058215
-5.071541
2.014373
3.733287
-6.056292
4.439165
-3.370243
-1.413983
6.885552
-3.633679
-2.904836
