Sky
Briggs
1
-9.589890
-0.055705
1.428458
-3.033122
1.310872
3.663410
-2.248965
4.473314
-1.016532
0.359496
3.812944
-2.106464
-1.728507
-10.274191
-2.045750
-0.989094
-1.756826
1.411016
1.797836
-1.747820
2.794498
-0.785613
-0.099313
4.651298
-2.046921
-1.162550
-8.448146
-2.017038
-1.611779
0.022470
1.378607
0.699097
-0.186586
0.175977
-0.597829
0.401314
3.644119
-1.005848
-1.018699
-8.579757
0.932941
1.597530
-2.474933
0.459629
2.198389
-2.572523
1.331455
-2.159240
0.829822
3.713094
-1.258685
-2.133356
-8.022089
1.797680
2.728750
-2.000269
1.685563
3.351153
-3.094856
0.526647
-3.919161
-0.379499
4.476854
-1.314024
-2.154264
-6.162647
2.178247
1.728597
-2.521678
-0.482453
2.590016
-0.354360
-0.951549
-2.755253
1.687943
2.032051
-0.133431
-1.835578
-4.566011
4.406593
3.483814
-3.268684
-1.148511
3.662031
-0.141098
0.253436
-1.635364
3.230940
0.715646
0.719881
-1.472925
-4.206089
3.669446
3.006484
-1.781128
-0.505763
2.771985
-0.603009
-0.527818
-1.959352
2.280822
1.097935
1.222806
-0.883768
-3.918855
4.148867
3.475708
-2.232882
-0.902027
2.715486
-1.055548
-0.200930
-1.965781
2.106875
-0.099590
1.143463
-0.652637
-3.804314
5.980259
5.239932
-4.085722
-1.401240
4.405636
-0.956028
0.838154
-2.188657
3.236879
-0.507117
1.365388
-0.812814
-4.738313
5.829914
5.561954
-4.336928
-0.838219
4.918571
-0.929553
1.666020
-1.677558
3.357705
0.361519
0.881459
-1.392171
-6.029346
5.013104
5.276606
-5.615396
-0.865792
5.801508
-0.293931
2.987122
-1.381952
3.708805
0.705520
0.329523
-1.409084
-7.784330
3.097281
2.430164
-4.868265
-0.602763
6.428938
2.593244
1.146640
-3.114711
2.985029
1.578628
-0.013816
-1.539442
-7.984251
1.087084
1.006311
-3.855021
0.005674
5.459842
2.442368
1.652876
-2.099940
1.816176
1.554293
-1.329772
-1.070018
-8.588779
0.273394
0.366831
-2.728455
1.129974
4.685458
2.228269
1.965044
-0.522692
1.550665
2.769629
-2.948813
-2.314671
-8.707058
-0.170546
0.438433
-4.153136
0.640159
4.836480
1.834639
2.650702
-1.572385
1.183514
3.211820
-2.538154
-1.963992
-10.558908
-1.770060
-2.133084
-5.443073
-0.442146
5.353606
4.558813
1.906662
-2.225781
2.091085
3.011168
-3.059090
-2.105921
-9.937681
-0.774052
-0.127666
-4.914389
0.176863
4.138513
0.287844
1.709956
-2.900123
0.249073
3.941348
-3.076769
-2.188279
-10.778126
-1.000281
0.496381
-4.789442
1.258311
4.711557
-0.741362
2.712765
-3.679328
-0.863035
4.676528
-3.259295
-1.936639
-11.307331
-1.256777
-0.102424
-5.067042
1.290298
5.355050
0.203832
2.235641
-4.186304
-0.547891
5.533053
-3.552836
-2.381263
-10.169128
-0.920036
0.878597
-4.411350
1.710027
4.289923
-0.405651
2.688697
-2.508756
-0.193664
5.659933
-3.694276
-2.895076
-9.011623
2.949895
5.384835
-5.188115
2.283975
5.953534
-3.907882
4.097388
-3.980269
-0.556280
5.622816
-2.792567
-3.116967
-9.069477
2.034330
5.398529
-4.583878
3.099384
5.275347
-4.337108
4.038899
-3.854775
-1.549708
5.080845
-3.238894
-2.791709
-9.910305
1.651752
4.513834
-5.650112
1.957411
4.616150
-4.052100
4.729808
-2.341386
-0.015765
5.789586
-3.512024
-3.381570
-10.661365
-0.462234
1.523770
-5.042309
1.374095
3.749629
-2.254908
2.744620
-3.068638
-1.162506
5.351931
-4.639916
-3.575526
-10.650495
-0.619432
1.223325
-5.105929
1.317057
3.643080
-2.294317
2.692598
-2.734640
-0.262116
6.152735
-4.185709
-3.575676
-11.351667
-1.252746
0.958388
-5.465724
1.090807
3.117982
-3.549191
3.094276
-2.732205
-0.422075
6.933210
-3.552477
-2.736586
-11.329802
-0.908509
1.134346
-5.793743
0.654162
2.159242
-4.011247
1.879770
-2.866895
-0.569414
7.165576
-3.818594
-3.481181
-10.750271
0.177351
2.858322
-5.429427
1.527375
3.291023
-4.890301
3.279410
-3.304118
-1.171259
6.703968
-3.945471
-3.188281
-11.369471
-0.779941
1.986917
-6.031605
1.330536
3.762633
-4.694009
4.164848
-3.410478
-1.099938
6.541886
-3.560376
-2.436418
-10.859173
0.133975
3.008713
-5.820066
1.680829
3.890752
-5.070044
4.086806
-3.179299
-0.831170
6.699386
-3.938224
-3.242008
-11.069067
0.129473
2.632948
-6.635975
1.053450
4.353207
-4.270741
3.383206
-4.333288
-0.938899
6.695742
-3.582193
-2.855006
