thank
Ben
1
-8.375062
-1.822183
-3.681364
-0.541856
0.175614
2.698622
4.980714
-0.652026
0.307895
3.461970
4.309097
-1.108133
-2.191481
-9.145891
-2.754911
-5.410423
0.128259
0.326132
3.266862
7.218387
-0.715982
0.165947
3.217344
2.742999
-2.496756
-2.848370
-10.411318
-4.392213
-6.237792
1.543662
1.668179
3.460803
7.624301
-0.469410
0.105249
1.661246
1.817441
-3.327207
-2.500571
-11.274982
-5.405605
-6.461792
2.186763
2.332727
3.784673
7.640188
0.000535
-0.142554
0.353427
0.818082
-3.371875
-1.528512
-11.694853
-5.539599
-5.436556
2.603887
3.409440
3.909586
6.087985
0.256663
-0.972799
-1.449921
1.123699
-3.195915
-0.621896
-10.169675
-2.476467
-2.224566
-0.411415
2.229097
5.001469
4.165919
1.142722
-2.673041
-1.259762
0.750640
-2.549102
-0.395550
-9.410337
1.042365
2.727046
-3.072399
2.058236
5.055296
-1.631576
3.548427
-3.751677
-1.619225
2.292271
-2.303622
-0.919018
-9.562141
2.365809
4.992628
-4.721639
2.134982
5.186448
-5.103430
5.302461
-3.170197
-1.311527
4.286273
-3.353096
-2.630521
-10.788754
-0.107921
2.710332
-6.223978
1.242215
4.204084
-3.862603
4.100061
-3.354617
-1.522111
4.597445
-4.660045
-2.817118
-11.312269
-3.080073
-0.599218
-2.238799
2.608890
2.032926
-1.930335
2.242448
-2.081159
-2.646235
4.845047
-4.477926
-2.030012
-10.790195
-1.593735
-0.138736
-4.774142
0.992099
4.071744
-0.293361
3.309746
-2.439150
0.294947
3.953137
-3.280859
-1.758640
-10.947059
-1.090823
0.682143
-4.780235
1.702855
5.005591
-0.312959
3.241664
-3.308745
-0.578793
3.939643
-4.271493
-2.763053
-9.229282
-1.554071
-1.411288
-5.377704
-1.138932
3.229705
1.859196
1.417799
-2.401000
0.694362
0.968186
-3.579440
-2.187054
-10.202166
-2.522362
-1.238319
-4.091987
1.179618
3.660128
1.457058
1.439070
-2.635462
-0.515640
4.232613
-3.825379
-2.114077
-11.156129
-1.001423
1.156027
-5.550241
1.520948
4.867099
-1.640128
3.930696
-3.271849
-0.529598
4.954939
-4.238145
-2.877048
-13.307642
0.120108
1.558177
-6.727070
0.568530
5.828345
-4.650405
6.049615
-4.042657
0.204961
6.164393
-4.238073
-3.889044
-11.852031
1.632027
3.695606
-6.218451
1.271557
6.198596
-5.624598
6.165508
-4.286577
-0.336090
5.962554
-3.404665
-3.468567
-11.032751
1.537901
4.045713
-5.449589
1.991948
5.489023
-5.945640
4.985538
-4.732423
-1.540555
5.536640
-3.598171
-3.199694
-12.976007
-1.097168
1.418896
-2.694590
4.273662
4.071287
-3.699742
2.697465
-4.321815
-2.187232
8.442161
-4.365791
-3.936886
-11.394186
0.851704
3.457430
-4.757741
2.769813
4.620997
-5.172400
3.459365
-4.539888
-1.547997
7.252117
-3.735124
-3.558458
-11.377800
0.056878
2.871171
-4.425522
2.928164
4.578362
-3.971220
3.507705
-3.602293
-1.540907
7.003119
-4.537226
-4.225518
-10.594110
1.077372
4.021834
-5.564574
2.358362
5.000103
-4.926985
4.262824
-3.978340
-1.389910
6.305407
-3.995037
-3.370867
-10.535505
0.658347
3.557839
-5.846455
2.031948
4.871907
-4.280304
4.090125
-3.680102
-1.300347
5.959991
-4.202969
-3.259697
-10.632083
0.560489
3.127089
-5.078118
2.207122
4.205554
-3.941881
2.912840
-4.018213
-1.422084
6.764743
-3.870318
-3.510776
-11.253311
-0.142768
2.489299
-5.134531
2.398530
4.579728
-3.644601
3.147876
-4.316942
-1.889101
6.476933
-4.331020
-3.568551
-11.236514
0.052065
3.242571
-5.079151
2.536486
4.426545
-4.992616
4.478343
-3.482425
-2.065330
5.498945
-4.708005
-3.375780
-11.132550
-0.309226
2.645597
-4.943262
2.565077
4.603140
-3.991260
3.937871
-3.793723
-2.016533
5.891329
-4.640031
-3.373616
-11.324060
-0.562815
2.432738
-4.971886
2.267386
3.664899
-4.784458
3.557862
-3.614478
-1.988827
6.314347
-4.419086
-3.424560
-11.332839
-0.325320
2.735743
-4.917466
2.647348
4.450186
-4.461112
3.539403
-4.340418
-2.362937
5.975332
-4.268785
-2.745008
-11.470049
-0.763894
2.124826
-5.477383
1.887137
3.906045
-4.673566
4.083145
-3.473366
-1.517386
6.578833
-3.933452
-2.501902
-11.179235
-0.187508
2.608323
-5.611043
1.958722
4.686467
-4.205873
4.599329
-3.420727
-1.212114
6.304702
-3.773579
-2.231167
-11.469615
-0.485428
1.953808
-5.126407
1.779428
3.570565
-4.709516
3.170426
-3.645343
-1.093040
7.548967
-3.682508
-3.007942
