Fit
Brooke
2
-9.295220
-2.573577
-3.327974
1.387786
2.474581
4.113858
5.837581
-0.214875
-0.449548
0.779095
3.231470
-3.065831
-3.608319
-9.890145
-3.142751
-3.631983
2.476190
3.729035
4.207386
5.796562
-0.630979
-0.889252
0.032132
4.046790
-3.340721
-3.483252
-9.478561
-3.061890
-3.813890
3.463530
3.930126
3.704098
5.838526
-0.806073
-0.547352
-0.097562
3.564123
-3.043734
-3.460555
-9.178096
-2.977376
-3.646747
3.071342
3.538379
3.216128
5.339431
-1.031569
-0.795920
-0.404502
3.477224
-2.933566
-3.159682
-8.910681
-3.218596
-3.643866
2.877563
3.370208
2.888761
4.942194
-0.498869
-0.015122
-0.181666
3.289135
-2.684801
-2.381044
-8.954112
-2.166241
-1.682490
1.313823
3.225798
3.575230
3.188780
0.693519
-0.845082
-0.390397
3.042054
-2.561867
-2.302580
-10.272678
-0.977407
1.501389
-2.138361
3.426821
4.056555
-1.042566
2.252774
-2.315316
-1.450830
5.647869
-3.740963
-2.398637
-9.807941
0.870427
3.220087
-4.071675
3.059168
5.028022
-2.515827
2.105488
-4.442555
-1.600599
6.008466
-3.688543
-2.726717
-9.547765
1.854049
4.336421
-3.879409
3.429217
6.016338
-1.919939
3.518598
-3.419430
-0.481326
5.997734
-3.184547
-3.170855
-9.572045
2.001706
4.772848
-3.830045
3.474687
5.460539
-3.443127
3.430428
-3.402757
-0.595132
6.263810
-2.788317
-3.255358
-10.302163
1.267364
3.329964
-3.568486
3.198947
5.119648
-2.430314
2.397924
-3.967467
-1.129141
6.856162
-3.487785
-3.942311
-10.639889
0.449478
1.496761
-2.244221
2.931363
2.881127
-2.027181
-0.006863
-3.364709
-0.993972
8.364364
-3.920437
-4.809703
-10.414650
0.108729
1.963668
-3.413857
2.201041
2.735075
-2.980765
0.286092
-3.695702
-0.861978
7.032760
-3.459828
-3.681920
-9.967022
-0.071831
1.375184
-2.293658
2.448124
2.908777
-2.096118
1.124557
-2.591671
-1.242760
7.189476
-3.585460
-2.996036
-9.919325
0.505521
2.352161
-3.078109
2.564020
2.955898
-3.475179
1.516564
-3.215315
-1.330040
6.264475
-3.755597
-3.592057
-10.396076
0.410042
2.096642
-2.346676
3.381923
4.092960
-2.228601
1.304201
-4.361491
-1.853479
6.119733
-3.441161
-3.063967
-9.481331
1.404835
3.344984
-2.256636
3.199082
3.509633
-3.652477
1.485354
-3.508494
-1.391189
6.821310
-3.139929
-3.635283
-8.719140
1.675838
3.690197
-2.177223
2.937965
3.028347
-3.802526
1.333364
-2.932220
-1.168131
6.313515
-3.004876
-3.440189
-8.510711
1.705683
3.812585
-2.620821
2.785306
3.251864
-3.955843
1.871794
-2.928391
-0.947467
6.112263
-2.596796
-2.900270
-9.777707
0.618192
2.563401
-4.055669
1.586396
2.358302
-4.213608
1.963862
-2.347078
-0.398516
6.507288
-3.235950
-3.621423
-9.410205
1.740383
3.711731
-3.916265
2.321034
4.139616
-3.385594
2.301480
-3.433969
-0.768832
6.590351
-3.125135
-3.404516
-9.445266
1.530717
4.010345
-4.405514
2.706125
5.284731
-2.819346
3.311204
-3.627639
-1.120920
5.258638
-3.974484
-4.026646
-10.401232
0.589166
3.071821
-4.175992
2.700561
3.960916
-3.915526
2.578155
-3.777281
-1.196042
7.018238
-3.393660
-3.334577
-9.937133
1.750384
4.358460
-4.102091
3.361720
5.730327
-3.081473
4.032997
-3.298568
-0.490285
6.689355
-3.129212
-3.414021
-9.833753
1.309456
4.017654
-4.791945
2.696059
4.783262
-3.747281
2.754355
-3.931829
-1.185060
6.312968
-3.610081
-3.158394
-9.422137
1.718753
4.455172
-4.359429
2.669665
5.034257
-3.208316
3.785499
-2.690638
-0.230192
5.856699
-2.893657
-3.068024
-9.470057
1.744686
4.462203
-4.838483
2.453695
5.150476
-3.209813
3.692045
-3.009413
-0.160710
5.469028
-2.869775
-2.885600
-9.507253
0.918346
3.779935
-5.269092
2.004142
4.393268
-3.700025
3.483574
-2.923349
-0.356160
5.954950
-2.773072
-2.369037
-9.499539
1.843490
4.837014
-4.860455
2.543203
5.404249
-3.301722
4.532776
-2.415680
0.158909
5.664879
-2.773361
-2.981066
-9.316654
1.629539
4.351185
-6.083807
1.484364
4.554560
-3.956240
3.730418
-3.001322
0.099641
6.319687
-2.737810
-2.704101
-9.254108
1.274819
3.975393
-5.842738
1.489225
4.484652
-3.607955
3.473610
-2.934283
0.235752
6.375616
-2.125507
-1.985457
-9.512550
0.695012
3.303887
-5.121409
1.756842
3.928051
-3.360749
3.097068
-2.779040
-0.237244
6.597490
-2.766406
-2.474727
