sky
ben
0
-5.937409
3.172637
2.952252
2.148620
3.442960
2.984355
-1.170033
-0.965143
-2.366775
-0.892803
2.369127
-1.947809
-2.235507
-6.229944
4.855577
4.063569
1.787233
3.571849
4.505858
-1.134912
-2.518071
-4.839526
-0.771709
2.998143
-2.140982
-4.018661
-6.836921
5.399079
4.126727
2.323218
4.155423
4.603899
-1.127091
-2.935486
-5.115575
-0.418818
5.351623
-1.797717
-4.779880
-7.093311
5.566268
4.386222
2.481531
4.013804
4.543599
-1.262252
-3.545688
-5.805144
-0.864160
4.770423
-1.724524
-5.206534
-6.987867
5.423372
3.945186
2.011777
3.506127
4.515184
-0.700383
-3.791616
-6.054413
-0.848265
4.912323
-1.721536
-5.267190
-6.746195
5.788460
4.189421
1.079461
2.974606
4.712667
-0.667140
-3.968920
-6.160923
-0.192839
5.213006
-1.441220
-5.218452
-6.321291
7.381148
5.971968
-0.836039
2.099525
5.853743
-1.241324
-3.280799
-6.304609
0.929683
5.641621
-0.798877
-5.166869
-5.948320
6.565077
5.154160
-1.329170
1.190203
4.965745
-1.013736
-3.887495
-5.637916
1.871941
5.746907
0.224744
-3.957175
-5.514848
5.071030
4.243555
-2.246303
0.450946
4.163257
-0.930937
-2.422081
-4.095866
2.176463
4.866768
0.228892
-2.931543
-5.932117
3.750908
2.894952
-2.791085
0.296617
3.969355
0.233940
-0.870377
-2.236570
2.892119
5.416677
-0.395312
-3.235310
-6.162053
1.639955
0.891192
-2.216215
0.461017
3.528494
1.599364
-0.014124
-0.781748
2.824775
4.365339
-0.985999
-2.419682
-7.077013
-0.764512
-1.034967
-2.143730
0.252014
2.687996
2.501027
1.464863
0.290632
1.860085
2.298165
-1.937524
-1.619841
-7.357052
0.418522
0.312886
-4.699740
-0.734380
4.328456
2.673524
2.912255
-0.522634
2.297837
1.011084
-1.942292
-0.910950
-8.900257
0.112623
0.090999
-6.177331
-0.306758
5.726082
3.525033
2.327551
-2.406106
1.891905
3.298837
-3.180454
-2.477843
-8.653759
0.568988
1.031852
-5.995892
-0.224553
5.298145
2.309281
2.501424
-1.959680
1.482857
2.848492
-3.883475
-2.844249
-11.153349
-1.887370
-1.054876
-5.361036
0.419667
4.006706
2.297544
2.437481
-1.699731
0.911129
5.210791
-4.860955
-3.279553
-10.575525
-2.567343
-1.641957
-5.717670
-0.074794
2.696044
0.448769
0.967848
-2.209164
0.677550
5.928983
-3.259030
-1.922079
-9.670354
-2.004164
0.078459
-3.013540
2.523552
3.208211
-0.214913
2.087790
-1.566877
-0.770078
5.882762
-3.151639
-1.123731
-9.964725
-0.970375
0.515057
-4.833493
1.140962
3.115909
-0.901278
1.194631
-2.760438
-0.481898
6.818782
-3.890727
-2.873420
-11.210982
-0.220914
0.594938
-3.801724
1.089398
3.241860
-3.544193
1.589099
-3.779860
-0.575992
7.586130
-2.782755
-2.778206
-13.080708
2.165235
2.858209
-5.447565
1.140717
5.929231
-5.609427
5.147324
-4.463290
0.002779
8.975355
-3.889622
-4.701040
-11.609062
-0.151544
2.407635
-5.770648
1.786060
4.249317
-3.938289
4.089212
-2.787592
-0.216288
8.429450
-3.530192
-2.841481
-11.183393
0.807415
3.325118
-5.994668
1.642895
4.746433
-4.107928
4.245644
-3.208259
-0.380821
7.523244
-3.698493
-2.885233
-10.611810
0.728605
3.334967
-5.090086
2.110579
3.877388
-5.060004
2.828440
-4.132574
-1.392084
7.397254
-3.473733
-2.990824
-9.171981
0.783490
3.031698
-4.246965
2.156336
3.950201
-2.343357
2.501829
-2.879067
-0.599195
7.142104
-2.827095
-2.783891
-11.618964
-0.617004
2.286421
-5.042541
1.950188
3.403354
-5.068639
4.176236
-2.760841
-0.627800
7.649692
-3.038028
-2.519615
-7.468110
0.425463
1.165929
-1.377225
1.592139
1.865418
-1.410102
-0.125874
-1.810849
0.528960
5.819131
-1.017999
-2.094978
-10.303474
1.490574
4.840104
-3.807894
2.901224
3.308602
-6.872363
2.915913
-3.108871
-0.735246
8.208738
-2.208257
-2.128185
-10.128339
0.320919
3.343442
-3.609398
3.003180
3.449064
-4.605302
2.685958
-3.296206
-1.258731
7.516002
-2.800346
-2.650023
-9.114587
0.674254
3.994728
-3.620364
2.835745
3.032603
-4.889241
3.773586
-1.605804
-0.861122
6.561534
-2.493694
-1.793866
-9.632828
0.300296
4.112258
-2.661173
3.716329
2.964335
-5.629095
3.650529
-2.255875
-1.968401
6.470041
-3.224656
-2.445935
-11.349433
0.266795
3.269795
-3.772707
3.203443
4.019150
-5.180050
3.326822
-3.618170
-1.313053
7.948272
-3.260703
-3.307692
