share
ben
1
-17.197916
-12.541912
-11.277651
7.336660
7.533086
-3.645151
3.316768
-3.694301
-1.224050
-4.833832
8.976030
-5.302256
-2.375360
-16.815611
-12.346206
-11.628603
7.162859
6.886470
-3.852946
3.618350
-4.400876
-1.347923
-4.530674
8.525816
-5.065679
-2.712644
-14.936019
-10.196005
-10.492068
6.527421
5.903301
-2.901127
4.418134
-4.908878
-1.598143
-3.160594
8.440077
-4.413969
-3.128352
-14.389420
-9.220695
-10.116123
3.777316
3.986802
-1.283369
5.013944
-3.507168
-1.536560
-1.411407
7.617518
-3.642801
-2.542096
-12.055641
-6.584393
-9.191993
3.558492
2.273855
-0.121883
6.766114
-3.971384
-0.982969
0.675677
5.218715
-2.577477
-3.320245
-12.263707
-5.179876
-6.344840
0.110968
1.883402
2.370566
5.946177
-1.753005
-1.543448
1.496998
6.417848
-2.765077
-3.059649
-10.439880
-2.547023
-3.325007
-2.060442
0.499533
3.370181
3.987900
1.102877
0.467551
3.132796
5.027161
-2.400523
-2.987142
-9.433435
-0.599380
-1.512744
-4.002517
-0.954016
4.432634
4.191274
2.233441
0.541437
4.097545
2.624118
-2.039557
-2.652631
-9.454132
-0.086382
-0.107943
-3.011796
-0.295212
3.327322
2.196160
3.311791
2.115926
3.872611
2.897159
-1.900225
-2.853138
-9.401937
0.526588
0.700537
-2.332435
0.183708
2.923773
1.193037
3.385392
2.544584
3.921179
3.656899
-1.727776
-3.299638
-9.090702
1.222273
1.774656
-2.088328
0.842575
3.590049
0.598297
3.670964
1.733969
3.298563
3.690174
-1.531196
-2.879516
-8.558355
1.895738
2.363086
-1.908771
0.589097
2.699552
-0.472476
3.531907
2.204270
3.647428
3.995263
-1.186265
-2.989286
-7.795327
2.587369
2.811562
-2.719730
-0.362507
2.354650
-0.652623
3.250805
2.324728
4.576808
3.675038
-0.749641
-3.045420
-7.211559
3.251635
3.189250
-3.639976
-1.048539
2.283154
-1.130921
3.142375
1.967066
4.670845
2.746633
-0.655653
-2.501713
-6.732475
4.071701
4.173759
-4.645225
-1.432585
3.127251
-1.182275
3.823668
1.568329
4.528915
1.522336
-0.721001
-1.745622
-6.878974
3.487911
4.227165
-4.810291
-0.263689
4.721445
-0.752743
4.672800
0.623392
3.339891
1.987928
-0.898859
-1.664958
-7.594531
3.316115
4.674591
-4.092628
0.846581
4.091581
-3.134470
4.317119
-0.528964
2.095950
3.769985
-1.390245
-2.473162
-9.749567
3.001586
4.122006
-5.471057
0.610508
5.288418
-3.728684
4.870648
-2.445703
1.174686
5.360734
-2.746318
-3.865715
-10.233850
2.212628
4.372326
-6.048995
0.802705
5.045334
-5.571689
6.544141
-2.226105
0.434941
4.383644
-2.724987
-2.364602
-11.330232
2.435657
5.021568
-5.921902
1.728070
5.626483
-6.895804
6.711079
-3.114583
-0.247057
6.008038
-3.267822
-3.102930
-10.243443
2.805426
4.466547
-5.764894
1.052828
5.289296
-4.830927
5.123574
-2.960309
0.395643
5.023571
-3.397475
-3.376931
-10.725471
2.905246
5.198329
-6.789201
1.061489
5.582407
-6.430271
5.474567
-4.207109
-0.546903
5.380009
-3.435293
-3.366509
-10.539459
3.468224
6.042732
-6.267049
1.327169
5.863464
-7.111629
6.727283
-3.411555
0.327512
5.757647
-2.394597
-3.321441
-12.199618
1.870448
4.486168
-4.921364
1.969582
5.091302
-8.463176
7.558334
-3.157545
-0.592800
6.500334
-2.982822
-3.176813
-11.688259
1.269635
3.952821
-3.434650
2.534229
3.806288
-7.492089
6.053660
-2.165981
-0.870442
6.731237
-2.923180
-2.877428
-10.797112
1.032039
3.413710
-5.241737
1.330928
3.987723
-5.856355
4.966092
-2.635492
-0.094965
6.350920
-2.804499
-2.981100
-11.774542
2.381734
4.949725
-6.230472
1.178239
5.135091
-8.556341
6.875428
-3.881422
-0.380656
6.058355
-2.363339
-2.747050
-12.981560
-0.064514
2.091822
-2.098919
3.316234
3.391801
-6.912041
5.010024
-2.552742
-1.696212
8.072017
-3.982125
-3.635255
-12.396313
1.142460
3.326992
-2.141342
3.644338
4.186672
-5.999719
4.634024
-2.876954
-0.853884
8.052715
-3.357184
-4.630346
-11.256217
2.253563
4.813156
-0.888530
4.691136
4.683821
-6.496424
4.080830
-3.430919
-0.853641
6.892143
-1.840146
-3.453554
-10.380252
5.116553
7.981894
-3.309463
4.256109
7.079027
-7.367022
6.461638
-3.902162
-0.184523
7.009294
-2.163439
-4.167866
-10.391775
3.146884
5.975824
-5.067292
2.236064
5.604100
-7.049273
6.263557
-3.142520
0.257489
6.223235
-1.298094
-2.153238
