Thank
George
5
-8.796969
-1.552697
-2.452293
-1.128105
0.766925
3.248050
4.168890
0.148157
-0.360602
2.264674
3.857835
-1.788327
-2.728445
-8.352174
-0.525582
-1.598689
-2.124424
0.388908
4.473435
4.603150
0.536355
-1.149830
2.475309
3.323266
-1.718300
-2.571047
-7.705050
0.189746
-0.870188
-2.468959
0.288288
5.377047
5.133422
0.788422
-1.327969
2.423831
2.013678
-1.710400
-2.428052
-8.629940
-0.682437
-0.798472
-1.639891
1.588709
5.105008
4.019637
1.068946
-1.476747
1.102890
2.930592
-2.283397
-2.316760
-8.855171
0.451247
0.857419
-3.365829
1.177047
5.204857
1.635315
1.722873
-2.820756
0.693013
3.380449
-2.252325
-2.302727
-9.449744
0.666344
1.701062
-4.594024
0.862767
5.109626
-0.466529
2.621253
-3.434218
-0.018374
3.599966
-2.096091
-1.379396
-10.349624
-0.107677
1.005319
-3.646631
1.375010
4.137532
-2.020714
2.343149
-3.456882
-0.500113
4.980967
-2.737500
-2.046314
-10.539616
-0.178521
1.630607
-4.622189
1.237259
3.692984
-3.814502
2.814847
-3.729609
-0.914795
5.485964
-2.712047
-2.057026
-11.488069
-2.348680
-1.026749
-3.096375
1.919482
2.827961
-1.343216
1.063291
-3.249495
-0.787246
6.584461
-3.034977
-1.872396
-11.905667
-3.814152
-3.807783
-2.592514
1.482041
2.920402
2.400926
-0.457943
-3.521610
-0.432760
6.334244
-3.476560
-2.449875
-13.235925
-5.254300
-4.915651
-3.410381
0.962207
2.405514
2.209370
0.337941
-2.845340
0.033703
6.395165
-3.546346
-1.990963
-11.754794
-3.470826
-2.665189
-2.582129
1.984704
3.607374
1.630277
1.382899
-2.739051
-0.467046
4.847437
-3.859223
-2.254300
-12.324643
-2.837132
-1.881879
-3.791072
1.543360
4.113339
0.158907
2.819659
-2.935041
-0.145706
6.059349
-3.535769
-2.280337
-12.473777
-2.170273
-1.868197
-3.287874
1.196500
4.173582
-1.094766
3.106114
-3.576521
-0.413528
5.210955
-3.380077
-2.647874
-11.770263
-0.981363
0.384963
-3.841513
1.775440
4.641008
-2.336086
4.015192
-3.493938
-0.677138
5.514175
-3.163266
-2.389718
-12.509052
-0.846171
1.092374
-5.125654
1.557249
4.667186
-3.865253
4.751451
-3.548747
-0.599257
6.426730
-3.670605
-2.786062
-11.364761
1.076248
3.097029
-5.594976
1.601547
5.300021
-4.813643
4.787380
-4.119694
-0.619502
6.149521
-3.472502
-3.117648
-11.014981
1.608230
4.227133
-5.283394
2.153762
5.193267
-5.332212
4.360779
-4.336687
-1.133010
6.341024
-3.601961
-3.430338
-10.976146
1.818600
4.607346
-5.334411
2.296865
5.255979
-5.911537
4.848072
-4.056550
-0.957718
6.554104
-3.221737
-3.002768
-10.978620
0.941023
3.570791
-5.800122
1.665962
4.479004
-5.884951
4.333707
-4.106253
-1.254058
6.345165
-3.514745
-2.796849
-10.829643
0.334851
3.269690
-4.931517
2.228879
4.206291
-5.256800
4.303417
-3.530020
-1.589584
6.174753
-3.626403
-2.659725
-10.819533
-0.038965
2.388110
-4.986766
1.904285
3.924737
-3.901734
3.515154
-3.324251
-1.142273
6.342136
-4.070301
-3.358773
-11.109586
-0.022143
2.495269
-5.089107
2.106525
4.158625
-4.107756
3.505152
-3.520079
-1.168264
7.110739
-4.169867
-3.481434
-10.461167
0.147704
2.561651
-4.281962
2.217862
3.758410
-4.115790
3.145739
-3.061127
-0.988356
6.722321
-3.540588
-3.088394
-10.031733
0.080658
2.490988
-3.970763
2.526387
3.826507
-3.396726
2.690236
-3.306002
-1.449035
6.382622
-3.727113
-2.885825
-10.380755
-0.062085
2.517825
-4.100935
2.490063
3.788831
-3.779675
3.136786
-3.111247
-1.271211
6.898360
-3.539223
-2.715979
-10.783092
-0.243914
2.426966
-5.200638
1.809709
3.563746
-4.224885
3.347269
-2.924444
-0.835254
6.637882
-3.830605
-3.101584
-10.229877
-0.040718
2.713531
-4.788828
2.097561
3.683819
-3.928678
3.559033
-2.634324
-0.859030
6.535128
-3.590437
-2.849315
-10.633782
-0.534793
1.995719
-5.458147
1.380894
3.253190
-3.814078
2.761130
-3.109140
-0.739796
6.752779
-3.454334
-2.663676
-10.835101
-0.463096
2.083132
-4.873707
1.950166
3.499245
-3.766646
2.858393
-3.182143
-0.954530
7.447738
-3.421398
-2.697541
-10.752823
-0.487833
2.051296
-5.466599
1.415276
3.224929
-4.259195
2.734855
-3.452293
-1.109852
6.725426
-3.491101
-2.547740
-10.583203
-0.235427
2.399981
-4.996775
1.870988
3.527213
-4.029649
2.796471
-3.339153
-0.960555
6.971933
-3.425893
-2.742566
