Thank
Brooke
0
-8.684886
-2.392548
-2.602010
3.267608
3.609122
2.614469
4.212674
-0.085183
0.196015
-0.633555
3.328335
-3.270360
-3.065533
-8.702388
-3.206001
-3.157770
3.147199
3.859656
2.303700
3.559255
-0.939599
-1.153426
-1.778056
2.195619
-3.070884
-2.211362
-10.088527
-4.348813
-3.835207
4.771002
5.467992
1.584708
2.940646
-1.351401
-1.675540
-2.634977
4.396492
-3.206477
-2.726088
-11.757731
-3.950427
-2.845046
5.247513
6.879472
2.279252
2.387172
-1.548897
-2.875717
-2.851208
5.746620
-3.320442
-3.379733
-13.572504
-2.794369
-2.072379
7.773892
9.372676
1.512146
0.116429
-1.172597
-1.897166
-2.359351
8.745648
-3.031465
-4.598245
-13.009647
-0.649301
-0.779935
6.507286
8.049744
1.895580
-0.218965
-0.242106
-0.784731
-1.129068
10.566773
-3.352265
-6.449625
-6.058497
5.539574
7.619560
-3.499442
2.565498
5.980311
-4.122867
4.341372
-2.649101
0.748617
3.241934
-1.237191
-3.219872
-9.840378
3.263975
5.377597
-2.522013
4.003585
6.335902
-4.728592
5.251842
-3.087467
-0.223361
6.325607
-2.663852
-3.618711
-11.033781
-0.815586
1.860693
-4.264845
2.543437
3.555499
-3.713814
3.283377
-2.790184
-1.763182
6.665367
-4.798396
-3.267311
-8.540583
-1.000389
-0.261552
-3.872114
0.936243
3.358995
1.041700
0.421442
-2.771631
-0.150020
4.698763
-2.964443
-1.902816
-12.942767
-5.240236
-4.438416
-5.254722
-0.032770
3.491021
3.194090
2.612238
-2.001152
0.506943
3.532054
-4.080903
-0.972354
-12.234049
-3.573687
-3.009994
-6.653327
-0.684127
3.708043
2.596806
2.352690
-2.339961
0.888555
3.943055
-4.486492
-2.218610
-11.106962
-1.710422
-0.085174
-6.385082
0.313326
4.669291
1.142593
3.234012
-2.333158
0.240609
4.343528
-4.244789
-1.873647
-10.245014
0.367670
3.257909
-5.262211
2.130257
4.569235
-3.240359
4.788884
-1.666141
-0.020505
6.521742
-3.714344
-2.838872
-10.962861
-0.339189
2.595920
-5.204047
2.326847
4.725533
-3.562040
4.436583
-3.122354
-1.063680
6.655148
-3.676305
-2.372118
-11.643571
-0.976184
1.699446
-5.176692
1.874542
3.434788
-4.663017
3.619923
-2.976915
-1.169029
7.198484
-4.162964
-2.999977
-11.405946
-0.564264
2.059325
-5.452815
1.666738
3.296532
-4.866744
2.518402
-4.046847
-1.700420
6.860694
-4.354849
-3.810143
-7.673613
2.764667
5.912827
-5.442560
1.767798
4.041924
-5.176284
3.040811
-3.479043
-0.919925
4.447989
-2.951019
-2.805090
-10.500953
-0.227547
2.484680
-4.874193
2.744339
5.211067
-2.509189
3.435334
-3.674927
-1.572132
5.810654
-4.213384
-2.289794
-10.668298
-1.258525
1.813214
-5.488888
1.849017
4.267309
-2.676136
4.175877
-2.823646
-1.785783
4.221182
-4.592702
-2.253191
-10.769911
-0.781532
1.694072
-4.709671
2.140474
3.962276
-2.575784
3.477503
-2.626054
-1.045490
6.884427
-4.257797
-2.898962
-11.130138
-0.364793
2.409492
-4.981755
2.111992
3.832754
-4.292675
4.129676
-2.738561
-1.090640
7.148981
-3.954031
-2.917208
-10.997383
0.054303
2.950899
-5.635771
1.986487
4.445264
-4.739551
4.608884
-3.382290
-1.282548
6.375556
-4.126470
-2.824939
-11.183454
-0.586619
2.724883
-4.734900
2.508036
4.004553
-4.857070
5.470380
-2.267329
-1.493073
6.291460
-3.642724
-1.837080
-11.735738
-0.769746
1.939252
-4.605385
2.438308
3.541148
-4.942008
2.807868
-4.400638
-2.388455
7.315688
-4.142946
-2.994054
-11.705224
-0.167897
2.257052
-4.203242
2.845994
4.439802
-3.764202
3.322074
-3.595845
-1.095984
8.685449
-4.073962
-3.914978
-11.265731
-0.057865
2.403989
-5.692557
1.660147
4.176664
-4.026667
3.515736
-3.740532
-1.234640
7.045949
-4.501153
-3.994468
-11.483393
-1.256453
1.375725
-5.142522
1.851380
3.790672
-3.467095
3.510522
-3.517393
-1.221291
7.191585
-3.646733
-2.663791
-9.418459
0.960725
4.178966
-4.935965
2.255609
4.140428
-4.099350
4.318602
-2.160685
-0.319544
6.586942
-2.467739
-1.573643
-10.370405
0.075991
2.685647
-4.789914
2.576687
4.815528
-2.882986
3.521448
-3.348009
-0.934233
7.095619
-3.488720
-2.499523
-9.297037
1.337723
4.246240
-3.854173
3.207265
4.471708
-3.618094
3.738794
-2.336706
-0.526541
7.428832
-2.995929
-2.919217
-9.226817
1.993370
4.924000
-4.680174
2.894334
5.321091
-3.693442
3.603772
-3.658617
-0.481765
7.457572
-2.181099
-2.221273
