four
ben
1
-11.350283
3.910257
7.307734
3.682798
9.380388
7.478171
-4.777004
7.035519
-1.848990
-1.421832
5.234304
-1.702087
-3.821030
-11.717723
3.858766
7.235212
3.358027
9.563450
8.271428
-3.893960
6.648759
-2.766105
-1.062634
5.505229
-1.059958
-3.452970
-11.494518
3.812911
7.352912
3.660740
9.621260
8.063793
-4.221454
6.767496
-2.612267
-0.996935
5.215907
-0.488829
-2.870960
-11.783115
3.616657
7.088116
3.802758
9.783241
8.108338
-4.065891
7.029616
-2.125614
-0.617312
5.738208
-0.518112
-3.276384
-11.537432
4.270422
7.641154
3.126894
9.471117
8.552337
-4.041921
7.053001
-2.506991
-0.463740
5.552157
-0.524537
-3.217930
-11.003548
4.905153
8.312174
4.182841
9.839624
7.987020
-4.829186
7.098346
-1.939966
-0.897212
5.175929
-0.981874
-3.683311
-10.416258
5.415057
8.599289
3.412708
9.161310
7.726475
-4.924744
6.671441
-2.241634
-1.546728
4.291394
-2.295040
-4.210319
-9.527969
5.411237
8.384427
2.293422
7.487262
5.637113
-5.787917
4.822661
-2.442802
-1.627638
4.380398
-3.032436
-4.502635
-8.533065
5.640600
8.460402
1.826629
5.915026
3.999781
-6.844618
3.740880
-1.976128
-1.280172
3.916123
-2.294371
-3.732442
-7.531421
7.066793
8.831312
-0.536774
3.714100
3.289291
-7.788554
2.180859
-2.024052
0.502494
5.562640
-1.151000
-4.051449
-7.575271
3.873443
4.844133
0.450711
2.384225
1.220822
-5.322036
0.411394
-0.481819
1.366648
6.105428
-0.679098
-3.450031
-7.730291
3.842934
4.907272
-3.195520
0.474013
1.084578
-5.975553
1.325809
-0.693717
1.918907
5.364165
-0.532602
-2.879921
-10.468716
2.259125
5.208155
-4.556233
2.072777
3.159322
-7.664286
4.053526
-2.298605
0.182222
7.640098
-1.887189
-2.518742
-10.520615
1.062655
3.688616
-5.430636
1.523841
3.551728
-5.817707
3.754800
-2.694982
-0.143746
7.403171
-2.495849
-2.068165
-10.348223
-0.164234
2.138113
-5.256408
1.272193
3.234324
-3.348189
2.824425
-2.093642
0.339311
7.460869
-2.608172
-1.948976
-11.209807
-0.445074
2.550066
-3.682235
3.011363
3.794228
-3.876321
3.725996
-2.111323
-0.535704
8.505077
-2.935585
-2.254780
-10.651814
0.216031
2.748557
-5.039581
1.982127
3.946268
-3.681994
3.027216
-2.956294
-0.287741
8.187154
-2.746095
-2.159916
-11.026991
-0.997190
1.467586
-4.627688
1.840345
2.963605
-3.762556
3.111206
-2.135819
-0.374693
7.797265
-3.239198
-2.322640
-11.045765
-0.224905
2.298173
-4.657927
2.339492
3.630239
-4.282292
3.095843
-3.251607
-1.087680
7.844227
-3.431196
-2.653094
-10.973314
-0.518667
2.279064
-5.305252
1.780555
3.540957
-4.318140
3.455945
-3.362304
-1.549325
6.562967
-3.782485
-2.444887
-10.152962
1.004016
4.075227
-5.806499
1.883013
4.284855
-5.258217
3.439290
-4.075061
-1.352547
6.285590
-3.037975
-1.889828
-11.352660
0.237185
2.699893
-5.064342
2.430333
4.706865
-4.197763
3.712041
-3.850392
-1.191215
7.740598
-4.121804
-3.495368
-11.607967
-0.604102
2.265350
-5.200315
2.077573
3.662246
-5.330589
3.729754
-3.851384
-1.685505
7.129073
-3.723884
-2.546504
-11.367968
-0.405976
2.339703
-6.350102
1.245258
4.112274
-4.483885
4.219465
-3.630781
-1.391561
6.037414
-4.138356
-2.482442
-11.545084
-1.122215
1.509988
-5.433228
1.726652
3.792809
-3.950373
2.944527
-4.074996
-1.690753
6.510182
-4.042308
-2.717300
-12.174240
-1.881234
0.850156
-5.424223
1.645234
3.202632
-4.474193
3.388175
-3.684168
-1.774026
6.953429
-3.972088
-2.296709
-11.977905
-0.688995
1.459121
-5.495376
1.612102
3.718837
-3.863210
2.767554
-4.033271
-1.565346
7.723536
-4.238304
-3.325687
-11.643335
-1.734538
0.834409
-3.159084
3.016622
3.071658
-2.846996
2.649743
-2.613419
-1.383113
8.496619
-3.300938
-2.315783
-12.002270
-2.129949
0.360719
-3.683162
1.841016
1.299329
-4.131958
0.876155
-2.627325
-1.013301
8.897104
-2.465601
-1.723425
-11.569736
-1.683162
0.552439
-2.771183
2.708134
2.186591
-2.901045
1.829123
-2.086836
-1.097350
9.015490
-3.144255
-2.302700
-11.404103
-0.799585
1.649645
-3.417584
2.275393
2.151204
-3.921924
1.182559
-2.606843
-0.811690
8.682166
-2.644338
-1.855922
-10.473594
0.447692
3.108280
-4.718909
2.071701
3.429694
-4.193175
2.718757
-3.103899
-0.953755
7.612177
-3.055775
-2.322187
