Crazy
George
9
-10.190002
1.185362
1.240768
-7.031115
-2.507903
2.366362
-3.119562
2.056921
-1.727042
3.103585
4.212484
-1.151145
-3.064116
-10.900908
0.080817
0.494442
-7.218971
-1.750306
3.235139
-1.519836
2.313315
-1.914707
2.764063
4.963099
-2.194852
-2.808742
-10.585940
-0.219318
0.167958
-5.447575
-0.662874
3.633740
-0.493987
2.393962
-1.724759
2.085951
4.015905
-2.443359
-2.525113
-11.247473
-0.568730
-0.790811
-4.895068
-0.595626
4.381604
1.278083
1.973247
-1.853762
2.267032
3.917092
-2.779937
-3.049555
-12.362322
-2.425904
-3.185090
-4.731164
-0.809660
4.442038
3.669067
1.582844
-1.779159
2.246453
3.619207
-3.483618
-3.150412
-12.494192
-3.775837
-4.005183
-2.841228
0.701220
4.293342
3.764132
1.382350
-1.541767
1.415919
4.132707
-3.178665
-2.721497
-13.506056
-4.286393
-3.998124
-2.255273
1.650997
4.172646
3.223363
1.255290
-2.001358
0.543725
5.848559
-3.521178
-3.192904
-13.440295
-4.605690
-3.531525
-1.615842
2.279028
3.514418
1.881367
1.927199
-1.420973
0.145325
6.203173
-3.502655
-2.985364
-13.296577
-4.275502
-3.468232
-0.932129
2.762656
3.622525
1.665505
1.496129
-2.073909
-0.574182
6.530482
-3.432828
-2.909911
-13.753967
-4.486238
-3.909257
-0.527997
2.998049
3.674225
2.200072
1.081671
-2.330299
-0.597510
6.771073
-3.565153
-3.175741
-12.810132
-3.754905
-2.499616
-1.083123
2.914684
3.435986
0.711732
2.048711
-2.071143
-0.761049
5.838884
-3.406717
-2.676860
-12.817388
-4.131513
-2.411020
-1.173811
3.029372
2.695480
-0.320852
1.971362
-1.900832
-0.792144
6.836223
-3.161172
-2.413224
-12.413084
-3.105940
-1.203861
-2.227532
2.622080
3.254947
-1.397137
2.882514
-2.167493
-0.979205
6.376190
-3.192992
-2.339130
-12.305043
-1.658036
0.263347
-3.148666
2.613660
4.305101
-1.972766
2.953382
-3.240920
-0.732693
6.541129
-3.154007
-2.815738
-12.566002
-1.919911
0.477450
-2.952298
2.994747
4.256846
-2.685981
3.304250
-3.280363
-1.490374
6.263512
-3.721703
-3.055907
-12.160369
-1.501045
0.653249
-3.877939
2.315519
4.373816
-2.644377
3.283652
-3.557971
-1.464134
6.123947
-3.839156
-2.993639
-12.089882
-1.720857
0.588314
-4.097999
2.061425
3.857062
-3.364918
3.450309
-3.448934
-1.543390
6.145091
-3.448501
-2.326090
-11.921155
-1.321993
0.958524
-4.072032
2.327582
4.062124
-3.480555
3.562082
-3.574654
-1.464432
6.685158
-3.677417
-2.666955
-11.600471
-0.910376
1.548310
-3.927082
2.588351
3.722367
-3.798902
3.134504
-3.592165
-1.764221
6.827258
-3.871369
-2.918116
-10.764467
-0.451710
2.158632
-4.533523
2.180305
3.415646
-3.985711
2.743421
-3.648476
-1.901404
6.191428
-3.855756
-2.660712
-11.037855
-0.573470
2.176790
-5.302491
1.757019
3.603191
-4.322538
3.553960
-3.335684
-1.362879
6.507349
-3.612209
-2.264066
-11.244591
-0.653984
1.930072
-4.994651
1.812248
3.161352
-4.568108
3.068878
-3.281846
-1.492973
6.963117
-3.953431
-2.816975
-11.416109
-0.065214
2.514513
-5.124437
1.804891
3.522374
-5.482160
3.289361
-3.974158
-1.557594
7.020516
-3.666386
-3.004146
-11.407530
-0.074956
2.255036
-5.627587
1.569719
4.167405
-4.245813
3.446242
-3.874106
-0.957788
7.224099
-3.669010
-3.058394
-10.862735
0.155730
2.598598
-6.093028
1.310476
4.225329
-4.234690
3.683846
-3.718776
-0.988959
6.402179
-3.792944
-2.852069
-11.195279
0.092042
2.503489
-5.720174
1.555936
4.308432
-4.541264
4.015060
-3.648905
-0.984973
6.819454
-3.644807
-2.741419
-11.267050
0.173082
2.780558
-5.818084
1.591833
4.058889
-5.176330
3.863276
-3.851691
-1.309083
6.781914
-3.929981
-3.048393
-11.519178
-0.515693
2.148240
-5.549387
1.776466
3.903257
-4.660119
3.622237
-3.777195
-1.366099
6.834142
-3.886149
-2.704151
-10.976468
-0.505380
1.914018
-5.295003
1.617337
3.716289
-3.632535
3.283897
-3.206924
-0.757332
6.754456
-3.610375
-2.618274
-11.932119
-0.537274
2.089856
-5.284372
1.948401
4.108273
-4.650848
3.930308
-3.618048
-1.043484
7.238343
-3.621745
-2.776432
-11.828113
-0.700369
2.023704
-4.272824
2.463639
3.641065
-4.691541
3.938960
-2.906787
-1.130405
7.197507
-3.666255
-2.740630
-11.645637
-0.357353
2.250777
-4.823099
2.107169
4.012202
-4.576433
3.877738
-3.492077
-1.225749
6.833392
-3.732152
-3.046193
