Sky
George
3
-11.404252
-4.624461
-3.970899
-2.619875
0.580714
0.588286
0.602984
0.598332
-1.046824
0.159764
5.304084
-2.639514
-1.212403
-10.404778
-0.170951
1.432914
-3.143207
2.043502
3.172534
-3.167662
1.814698
-3.225097
-0.818180
6.840263
-2.869205
-2.901577
-7.106514
0.097994
-0.898802
-2.085740
-0.158933
2.470353
1.805282
-0.454647
-1.354111
1.996733
3.417102
-1.166631
-2.094286
-5.125507
4.016325
3.569906
-2.827561
-0.046565
4.049133
0.157549
1.319396
-0.839434
3.100117
2.473364
0.474031
-1.327753
-5.028201
4.475472
4.144545
-1.959540
0.832088
4.269356
-0.421600
0.435990
-1.644466
2.516094
3.188801
-0.009987
-2.151349
-5.230854
4.793495
4.392900
-2.372997
0.206114
4.011711
-0.599411
0.111320
-1.898715
2.876664
3.348801
0.388740
-2.353036
-5.583604
4.831381
5.495332
-3.159817
0.987844
5.060900
-1.003656
1.941320
-1.720267
2.372938
2.665251
-0.333866
-2.605619
-6.511005
3.746723
4.862110
-2.929920
1.507980
4.482728
-1.379666
2.364889
-1.294379
1.638262
3.165781
-1.114538
-2.800062
-7.424211
2.871099
4.407511
-2.948405
1.915072
4.518347
-1.432801
2.631350
-0.930657
1.945551
4.309153
-1.773181
-3.374680
-7.950871
3.101385
5.149604
-4.474825
1.833715
5.585232
-1.610416
4.154170
-1.262176
1.979290
4.237773
-1.877635
-3.499929
-8.551626
2.454573
4.510619
-4.300458
1.917747
5.390312
-1.985370
3.903209
-2.093630
0.830212
4.445611
-2.013916
-2.638628
-8.571210
2.593880
4.294201
-4.394318
1.769473
5.285189
-1.915926
3.458910
-2.230552
1.392580
4.343720
-2.311916
-3.686385
-8.712886
2.180651
3.615840
-4.325252
1.512533
4.273092
-2.338151
2.380830
-2.552928
0.776522
5.630620
-2.446535
-3.599452
-9.181957
2.733118
4.855408
-4.500193
2.108783
5.289912
-4.298033
4.280895
-3.141806
-0.091193
5.560221
-2.769652
-3.365310
-9.310854
2.556701
4.678597
-3.557192
2.803906
5.431692
-3.696786
4.261127
-2.876231
-0.208457
5.589053
-2.843812
-3.543314
-10.175711
1.344178
3.353933
-4.862812
1.534998
5.064872
-3.527612
4.316210
-3.030562
-0.025377
5.430862
-3.164772
-3.283036
-9.611032
1.672044
4.326107
-3.714510
2.971797
5.094304
-3.894744
4.376021
-2.728116
-0.339200
6.101261
-2.701385
-3.044228
-11.032223
1.165847
3.748178
-4.870090
2.403014
5.709810
-4.430672
4.853031
-3.829662
-0.888322
5.918525
-3.576771
-3.481671
-10.397028
1.579145
3.536110
-5.816641
1.133400
5.317861
-3.662022
4.438244
-3.535327
0.156022
5.208447
-3.184199
-3.218524
-10.364773
1.756310
4.363400
-6.060560
1.537782
5.142803
-5.204123
5.181642
-3.392868
-0.389738
5.684473
-3.321097
-3.010651
-10.431564
1.495236
3.664758
-5.212496
1.694922
5.028247
-4.640742
4.105989
-3.905092
-0.583883
6.221716
-3.262760
-3.279414
-10.313823
2.056052
4.769862
-5.279444
2.205877
5.478338
-5.324479
4.839573
-4.036908
-0.843285
6.061751
-2.991479
-2.834993
-10.614931
0.731424
3.391957
-5.107259
1.889651
4.271589
-5.121084
4.484201
-3.339859
-1.204993
6.154362
-3.537991
-2.755726
-10.676855
1.017768
2.613406
-4.526642
1.490816
4.376028
-4.599048
3.586501
-3.821186
-0.818852
5.954928
-3.450817
-3.563817
-11.060278
1.044328
3.426081
-5.060304
2.171310
4.768445
-5.011059
4.232315
-3.706463
-0.946829
7.059064
-3.720719
-3.320051
-10.578579
1.350479
3.779667
-5.241337
1.777833
4.715019
-5.228512
4.737707
-3.490117
-0.811615
6.157994
-3.362164
-3.035464
-10.797983
0.586304
2.735548
-4.877647
1.822167
4.305707
-4.109031
3.402374
-3.607363
-0.788663
6.909592
-3.533246
-3.435051
-10.120532
0.366700
2.011219
-4.157983
1.654619
3.849783
-3.021558
2.796154
-3.072829
-0.593450
6.477079
-3.259506
-3.201658
-10.596021
0.724921
2.626812
-4.452405
1.967449
4.411270
-3.280994
3.053094
-3.133609
-0.081377
7.386966
-3.150500
-3.375619
-10.535636
0.822749
3.052798
-4.011655
2.376803
4.419342
-3.867665
3.672668
-3.050079
-0.720150
7.010223
-3.362159
-3.400974
-10.334438
1.050593
3.377705
-4.427228
2.013418
4.313453
-4.802397
3.975674
-3.378692
-0.706823
6.567760
-2.717883
-2.729822
-10.834547
0.971220
3.334812
-4.741176
2.156145
4.868258
-4.512699
3.785402
-4.075266
-0.862406
6.239700
-3.237063
-3.261746
