Cough
Lyn
1
-5.136046
4.258219
3.718579
-3.774841
-1.722320
1.027332
-3.289120
0.734225
-0.299708
3.610199
1.620728
1.032210
-2.180984
-9.100700
4.171214
6.613890
-5.045183
1.234131
3.909745
-7.095589
4.973047
-1.975741
1.251683
5.774649
-1.325144
-3.210870
-7.978710
1.492807
2.852262
-2.682766
0.962498
0.915312
-4.168458
0.451582
-1.656501
0.419933
5.281099
-1.718454
-3.774507
-4.975800
5.951739
5.332670
-2.347639
-0.411230
2.078347
-3.898936
-1.497712
-2.996777
2.312902
2.692267
0.323739
-4.588764
-4.242070
5.388928
4.108192
-1.834743
-0.596983
2.137797
-2.262015
-1.950453
-2.827346
2.466675
2.698641
0.539303
-3.862012
-4.869833
5.813824
4.516481
-1.485548
-0.471736
1.356943
-3.799943
-2.675683
-3.266198
2.024785
2.759727
0.247833
-4.845247
-4.675097
6.245223
5.419401
-1.371427
-0.151328
1.239733
-4.546626
-1.896577
-2.615668
2.362381
2.530929
0.543913
-4.785233
-5.523973
6.478080
6.201713
-1.364079
0.791066
2.335434
-4.418252
-1.490042
-3.074376
2.109594
3.861757
0.168202
-5.321606
-5.836963
5.331688
5.999623
-1.849458
1.316802
2.567287
-4.661114
0.072776
-2.619284
1.449559
4.122949
-0.308241
-4.198028
-6.083606
6.266789
6.885233
-2.955797
1.355722
4.402703
-3.527343
1.100421
-2.805923
2.026667
3.918909
-0.809111
-5.404296
-7.456274
4.319907
5.938273
-2.931180
2.351309
4.391331
-3.962867
2.873437
-2.223389
0.860351
5.744379
-1.768457
-4.187963
-8.972275
-0.160260
-0.078741
-0.341050
1.824103
2.069385
-1.538861
0.989667
-1.533304
-0.368117
5.573772
-2.837360
-3.450551
-9.486940
-1.481695
-0.217572
-3.435955
0.918615
1.845091
-1.894155
1.075030
-2.243292
-0.498501
5.425769
-2.658910
-1.941696
-9.123744
-0.366625
1.099407
-3.651289
1.100852
2.872700
-2.360045
2.196933
-2.393653
-0.817205
4.148959
-3.332734
-2.714650
-8.830796
-0.792235
0.372153
-2.656674
1.270491
1.919203
-1.866773
1.320134
-1.694362
-0.386916
5.018905
-3.006243
-2.788641
-9.292311
0.737092
2.552350
-4.464667
1.296857
3.848899
-3.157356
3.332665
-2.526731
-0.251045
4.782678
-3.154642
-2.822778
-9.547048
2.520301
4.717197
-4.024071
2.279781
4.590468
-5.085601
4.229906
-2.930864
-0.253812
5.645359
-2.756255
-3.334536
-9.441366
3.920764
7.033423
-4.545824
3.445387
6.542715
-5.981344
6.100999
-3.357595
-0.394844
5.327474
-2.738151
-3.070605
-11.744150
0.597420
3.974799
-4.890876
2.512128
4.388926
-6.906031
6.693361
-2.726792
-2.067576
5.661566
-4.276027
-2.697669
-12.701801
0.419849
3.162452
-4.127139
2.538565
4.159986
-7.204221
6.280059
-2.881285
-1.814471
6.598779
-4.689931
-3.801789
-12.448751
-0.658150
1.956049
-5.210855
1.747144
3.684571
-5.833122
4.960397
-3.097088
-1.470060
6.907916
-4.250493
-2.942670
-12.020634
-0.982342
1.890799
-5.668797
1.757532
4.031814
-4.814225
4.685267
-3.300514
-1.739673
5.912556
-4.455562
-2.311667
-11.365923
-0.316225
2.292315
-5.022634
2.210497
3.974535
-4.072945
3.192147
-3.953347
-1.849337
6.656321
-4.282679
-3.347535
-9.919802
-0.543566
1.007889
-3.792279
1.224432
2.431022
-2.827690
1.493073
-3.147127
-1.410201
5.694510
-3.329911
-2.660933
-10.984026
-0.326318
1.600902
-3.377954
2.341815
2.514611
-4.002208
1.361385
-3.209279
-1.476362
8.128625
-3.948498
-3.610096
-11.241063
-0.088132
2.128024
-5.212899
1.859573
3.930357
-3.992519
2.678383
-3.908206
-1.585808
7.077417
-4.574829
-3.718132
-10.013617
0.216429
2.668713
-5.546367
1.261940
3.158196
-4.289430
2.627184
-3.322960
-1.191503
6.227526
-3.685960
-2.835282
-11.411402
-0.048012
2.345580
-6.107594
1.183519
3.513211
-4.916180
3.127960
-3.788591
-1.166161
6.988750
-4.191309
-3.593923
-11.167240
-0.215144
2.537084
-5.247739
2.278582
4.487021
-4.033989
3.612880
-4.037074
-1.703442
6.695793
-4.202810
-3.293244
-10.685602
0.350143
2.770129
-4.789772
2.086510
3.725541
-4.624347
2.350445
-4.320268
-1.884527
6.661315
-4.099053
-3.608981
-10.672675
0.604075
3.399934
-6.296234
1.454140
4.382641
-4.894765
3.798664
-4.136220
-1.475251
5.993770
-3.983949
-3.193262
-11.932751
0.479133
3.142323
-6.044419
1.813984
4.888072
-5.703810
4.436891
-4.660790
-1.421055
7.018769
-3.865199
-3.489351
