Share
George
4
-16.653967
-11.674929
-12.049969
5.520080
5.608498
-1.764860
5.635957
-3.491627
-1.046542
-2.488586
8.630953
-5.115117
-2.949506
-16.390060
-12.249079
-12.907758
6.534463
5.557978
-2.641292
6.268915
-4.385020
-0.914061
-2.303337
8.543937
-4.200686
-2.508424
-16.449049
-11.890791
-13.369888
6.543944
5.065720
-2.702700
6.808392
-5.057582
-1.226836
-1.965380
8.590904
-4.138683
-3.221625
-15.779854
-11.297853
-13.193028
5.646998
4.322469
-1.801972
7.784793
-4.630351
-1.191118
-0.880958
7.139754
-3.980872
-2.973185
-13.322996
-7.478516
-9.053749
1.695818
2.181247
0.821933
6.082278
-2.615413
-1.449249
0.543301
5.885895
-3.272489
-2.599748
-12.572557
-4.707801
-5.773938
-2.180722
0.834231
3.131710
5.311976
-0.456761
-1.698575
1.885056
5.574274
-3.277807
-2.990957
-10.722879
-2.078225
-2.895758
-3.621534
-0.261100
4.243621
3.548225
1.132609
-1.147542
2.385367
3.664075
-2.782308
-3.082221
-9.647779
-0.774768
-1.715877
-3.973165
-0.510011
4.782615
3.992384
2.006081
-0.564812
2.939600
2.705098
-2.314213
-2.384296
-8.965837
0.829776
0.069007
-4.494054
-0.734355
4.973057
3.046626
2.500875
-0.300442
3.380593
2.760823
-2.127323
-2.666184
-9.218347
0.903420
0.734337
-4.336049
-0.364714
4.712689
2.222435
2.662123
-0.063645
3.248054
4.062144
-1.950992
-3.433695
-8.800783
1.747117
1.674800
-5.438499
-0.711695
5.598882
2.096471
3.082869
-0.752055
3.439068
3.276639
-1.945045
-3.152305
-8.779675
1.908880
2.241709
-5.795280
-0.463301
5.341680
1.032088
3.349236
-0.671279
3.381980
3.919023
-2.186696
-3.382328
-7.482172
3.246670
3.778978
-5.311159
-0.174804
5.086707
-0.422413
3.180640
-0.824328
3.287111
3.763800
-1.280375
-3.216876
-8.398742
2.815849
3.067285
-4.900865
0.130790
5.025895
0.268240
2.286954
-1.279609
3.045918
5.127914
-2.252151
-4.317344
-9.322844
1.894454
3.020771
-4.943575
0.735803
4.641627
-1.415230
2.757602
-1.995988
1.661381
5.639412
-2.775211
-3.775092
-8.555441
1.646111
2.998841
-5.404722
0.509064
4.265808
-1.967624
2.927053
-2.131441
0.977892
4.675680
-2.752079
-2.854227
-9.080641
2.056967
3.611598
-6.369222
0.342564
4.354340
-2.656557
3.135192
-2.624135
1.005686
5.195525
-3.163646
-3.304630
-8.358214
2.197849
3.747985
-5.602365
0.546800
4.316590
-2.923669
3.471796
-2.198380
0.998665
4.475760
-2.629864
-2.843342
-9.470201
1.644990
2.763999
-6.286450
0.094025
4.521261
-2.491760
3.063779
-2.845817
1.207363
5.470581
-2.432205
-2.750981
-10.246447
1.219698
2.811735
-6.913870
0.256856
4.699350
-2.805926
3.847083
-2.909918
1.024297
6.043595
-3.119225
-3.362280
-11.570604
0.988662
3.762568
-5.104476
2.419859
4.941000
-4.889608
4.893363
-3.327506
-0.359438
6.852277
-3.235399
-3.396874
-11.240124
0.069340
2.471783
-5.287368
1.420308
3.528206
-4.962116
3.948999
-2.938398
-0.531448
6.019826
-3.362060
-3.050094
-10.755819
0.311550
2.634576
-5.992244
1.006787
3.832954
-4.106634
3.723068
-3.103331
-0.216267
6.165550
-3.017124
-2.404559
-10.580249
0.621655
3.004069
-5.513842
1.467025
4.280509
-4.453675
3.877937
-3.543749
-0.595206
6.186741
-2.980443
-2.513094
-11.683840
0.369056
2.581839
-5.889163
1.135799
4.206220
-5.468556
4.006092
-4.160371
-0.837474
6.363793
-3.277708
-2.804255
-11.541802
0.440868
2.765324
-5.568779
1.255424
3.890531
-5.820123
3.813730
-3.916480
-0.680942
6.702020
-2.976616
-2.749609
-11.749231
0.615694
3.359037
-5.803166
1.923255
4.970621
-5.474553
5.129988
-3.913757
-1.276310
6.788426
-3.954016
-3.037005
-10.875725
0.251209
2.363044
-5.158804
1.382899
4.031823
-4.277640
3.691420
-3.385778
-0.802955
6.188574
-3.393175
-2.759101
-10.826742
0.313792
2.894591
-5.107272
1.740709
3.669891
-5.168496
3.752307
-3.314909
-1.166267
6.646815
-3.563366
-2.875890
-11.007768
-0.739274
1.957679
-4.792043
1.988797
3.263191
-4.202059
3.445157
-2.765508
-1.143739
7.052994
-3.763871
-2.738135
-10.615883
-0.262614
2.272023
-4.808696
2.053085
3.770356
-3.701600
3.164419
-3.109798
-1.148288
6.573629
-4.119237
-3.344280
-10.877150
-0.234822
2.351209
-4.982687
2.001003
3.800756
-4.274629
3.148789
-3.616609
-1.482248
6.098965
-4.109177
-2.937685
