Crazy
Lyn
1
-8.870522
0.170214
0.895944
-3.422934
0.636174
1.863905
-1.808268
0.645783
-1.781167
1.288609
5.684761
-1.406567
-2.597835
-10.207874
-0.880586
0.987132
-4.470914
1.609422
3.427655
-2.043044
2.166571
-2.638466
-0.146568
6.275521
-3.413299
-2.639269
-9.088541
0.071956
1.377216
-4.191920
1.207208
4.765312
-0.297016
3.094266
-2.025359
0.545154
3.981662
-2.726053
-2.375886
-10.258578
-1.049160
0.378818
-2.711586
2.386368
4.664539
0.053430
2.207552
-2.604991
-0.019206
5.442406
-2.148626
-1.940639
-11.649048
-2.545048
-1.508744
-2.251422
2.584032
4.301672
0.856638
1.924439
-2.951906
-0.485597
6.073968
-2.788531
-2.125955
-12.819786
-3.087582
-1.667214
-0.999736
3.426631
3.043273
-1.282382
1.512579
-3.223566
-1.761352
6.883882
-3.492417
-2.931706
-13.360634
-2.656255
-0.883859
-1.635775
3.813037
4.236028
-1.430863
2.296505
-3.286567
-1.463329
6.807712
-3.524498
-3.013142
-12.350273
-1.307621
0.160400
-3.680192
2.029359
4.196527
-2.338686
2.491981
-3.925235
-1.101656
6.489221
-3.385473
-3.000395
-9.581469
-0.498905
0.939215
-3.249704
0.783140
0.936326
-4.010915
1.493665
-1.384664
0.086361
5.128188
-1.852080
-1.908165
-9.357732
-0.039549
0.937716
-1.326529
1.377831
1.456296
-2.816685
1.160208
-1.174570
0.062185
4.044305
-1.628933
-2.246808
-9.153247
-0.967494
-1.265124
0.145993
1.983318
2.169546
0.739189
0.053560
-0.402412
1.314837
4.890889
-1.216978
-2.163268
-12.403704
-3.451708
-2.589335
-0.102552
3.042694
2.297334
0.024345
0.551104
-2.100883
0.170264
7.073627
-1.931297
-2.243928
-12.813112
-1.294748
-0.374626
0.395000
4.882971
5.064436
0.441659
2.829481
-1.986039
0.581429
7.679910
-2.282298
-3.467696
-12.779526
-1.059493
0.206731
0.277535
5.332232
6.614254
1.424458
2.745579
-3.192143
0.027761
6.962744
-2.589948
-3.252144
-13.592100
-2.957099
-2.039223
0.534579
4.632033
5.154899
1.371111
1.749833
-3.103335
-0.753560
6.972754
-2.415757
-2.725941
-13.710810
-4.403783
-3.639552
2.632046
5.943910
3.073704
2.220793
-0.117817
-2.727001
-1.937594
8.595450
-3.227472
-3.088949
-12.931656
-4.197500
-2.879760
1.980888
5.374999
2.710458
0.679078
1.040566
-1.792217
-1.741867
7.750093
-3.192668
-2.350522
-14.242029
-4.313673
-3.603822
0.887251
4.105319
1.972343
0.254699
-0.160802
-2.565310
-1.456861
9.195406
-3.480095
-3.515209
-13.231060
-3.649157
-2.242651
-1.313775
2.513636
2.344816
-1.043321
0.993994
-2.479864
-1.081841
7.913546
-3.438365
-2.548350
-11.227364
-2.732447
-0.910872
-2.357845
2.384252
2.205870
-1.306537
0.301184
-3.057716
-1.406474
7.199938
-2.859379
-1.596316
-11.235577
-2.968289
-1.399181
-0.932334
3.051903
2.220936
-1.206775
0.645207
-2.845193
-2.146745
6.247859
-3.934114
-2.735989
-12.125094
-4.476320
-3.189910
-2.302451
1.781581
3.003257
1.818891
0.642383
-2.601521
-1.750881
4.500770
-4.251338
-1.097971
-12.553806
-3.072249
-1.736974
-0.367515
4.032817
4.514285
0.500321
1.686006
-3.005770
-1.144917
6.824561
-3.032448
-1.947748
-13.730834
-3.401199
-2.419655
-0.416060
4.122460
3.931200
0.036089
1.658376
-2.901525
-0.709002
8.576288
-3.755647
-3.350160
-13.786193
-3.835805
-2.950895
0.012058
3.992163
3.041681
-0.191121
1.288297
-3.027540
-0.924375
8.223301
-3.329890
-2.912706
-15.238976
-4.415272
-3.443376
1.266887
4.808796
3.106299
-0.032161
0.924860
-3.417134
-1.199221
9.786555
-3.581110
-3.758921
-13.967359
-1.988599
-1.195776
0.103218
4.546252
3.790042
-1.250670
1.974642
-3.040598
-0.506984
9.704108
-2.633470
-3.507471
-13.414022
-3.266770
-1.328603
-2.931868
2.706409
2.676711
-2.613544
2.106470
-3.430774
-1.672320
8.463907
-4.039627
-3.096119
-13.072951
-3.737839
-1.566246
-3.073905
3.177914
3.143448
-1.505711
2.314484
-3.038808
-1.560216
8.264498
-4.291337
-2.466281
-12.252216
-3.432467
-1.207397
-2.901494
2.807049
2.053733
-1.898870
1.537640
-2.845144
-1.682245
8.120952
-3.826527
-2.607245
-11.505470
-1.395669
0.858377
-3.835971
2.721624
3.579850
-2.497242
2.663606
-2.946221
-1.134755
7.744407
-3.977763
-2.996201
-12.393367
-1.730235
0.559098
-4.466090
2.156273
3.076802
-3.390248
2.238196
-3.317598
-0.965765
8.280230
-3.795590
-3.376876
