cute
ben
2
-13.792323
-8.049891
-9.788897
4.272481
3.951147
-0.319363
6.724602
-5.034781
-2.786742
-1.096976
8.088377
-2.810940
-2.798949
-16.433830
-9.806185
-10.093707
2.427539
4.173615
0.997080
5.721245
-2.188157
-2.627789
-1.166288
8.611609
-4.072808
-2.543509
-15.198516
-7.419193
-7.898709
-0.201870
2.703448
3.197967
5.568333
-0.121504
-2.969694
-0.217781
6.327518
-3.750959
-2.032627
-13.114986
-4.014712
-3.447124
-3.341317
0.837110
4.258030
3.482786
4.111638
-0.474974
1.225829
1.800480
-4.094200
-1.183138
-12.708150
-3.026752
-2.691268
-3.485465
-0.492093
2.755089
2.601600
4.705619
1.298874
2.306030
0.242826
-4.319731
-1.409224
-11.192253
-1.827316
-1.152033
-3.856158
-0.638819
2.312136
0.435003
4.834296
1.637477
2.115694
1.477736
-3.157683
-1.452083
-10.257831
-0.760062
-0.408342
-4.222854
-0.925610
2.155015
-0.629031
4.777734
1.627176
2.474380
1.918833
-1.655272
-0.614881
-11.032898
-1.692498
-0.231878
-1.215739
1.938623
1.805541
-2.456074
4.753378
1.021638
-0.195054
3.910274
-2.223210
-0.866963
-10.070404
2.036827
4.247035
-3.786914
2.040530
4.115418
-5.911430
5.387897
-2.203725
-0.620383
4.952010
-2.319393
-2.221334
-9.897107
1.630480
3.565258
-4.403944
1.901933
4.307132
-4.422308
2.657127
-3.927670
-0.325507
6.724579
-2.268865
-2.912882
-10.228269
-2.187308
0.032267
-1.696484
2.542673
1.422266
-3.084491
1.986564
-2.032416
-2.062849
5.121656
-3.105706
-1.919606
-11.086476
-4.000548
-3.188554
-0.862518
1.703156
0.860185
-0.626699
0.919195
-1.662655
-1.368877
4.528347
-3.422775
-2.559005
-11.991818
-3.411210
-1.516651
-0.439840
3.431277
2.496191
-1.456273
2.758913
-1.656285
-1.530459
5.894460
-3.623537
-2.691340
-12.478658
-3.585804
-1.326495
0.110216
4.014226
2.959683
-1.887598
3.757390
-1.588321
-2.112026
5.375884
-3.811719
-2.667676
-11.551846
-0.305385
2.643715
-3.035901
2.789327
3.939090
-5.455678
5.759359
-2.196088
-1.234572
5.156724
-3.025879
-2.315252
-13.681992
1.032362
3.961177
-4.739267
2.603924
6.407418
-7.251502
8.730996
-2.979691
-0.571390
5.593519
-3.916931
-3.864048
-13.359734
1.855579
4.432792
-4.198291
2.897085
6.760279
-7.871108
8.972169
-3.163638
-0.084723
6.841234
-2.367999
-3.155158
-12.704201
0.792454
3.909243
-5.347671
2.153193
5.722548
-6.910469
7.747633
-2.886569
-0.514573
6.031006
-2.832751
-2.678820
-12.884360
1.978311
4.746200
-4.834705
2.392035
6.026328
-8.486609
7.485099
-4.041628
-0.575907
6.927986
-2.328632
-2.897528
-13.978004
0.467212
2.282758
-4.949667
1.768966
5.279133
-7.439198
6.141918
-4.383260
-0.519477
7.958580
-3.143510
-3.526799
-14.448947
-0.478868
2.078408
-4.829185
2.197462
4.446757
-8.122048
5.973176
-4.440526
-1.465809
8.239037
-3.584709
-3.307510
-11.993183
-0.030290
2.436664
-4.810090
2.048488
4.505264
-5.222677
4.492913
-3.849205
-0.959804
7.149174
-3.162183
-2.613816
-12.813763
-0.742173
1.551442
-3.513040
2.767025
4.052282
-5.325006
4.028599
-3.923226
-1.362932
8.095790
-3.406749
-3.017652
-11.262291
-0.401268
0.796287
-2.466110
2.284076
2.494244
-3.890781
2.105001
-2.548709
-0.288611
7.291265
-2.558517
-3.066106
-12.199737
0.327895
1.528857
-3.363942
1.993115
4.251806
-4.205931
3.722718
-3.458138
-0.214802
6.450512
-2.766244
-3.409044
-12.081559
0.741373
2.959234
-3.864187
2.560468
3.925403
-6.345232
4.385573
-3.501174
-1.068132
7.462717
-3.243604
-3.605268
-12.105388
0.565791
3.237449
-4.311650
2.804338
4.403002
-6.038814
4.559506
-3.687806
-1.320585
7.963760
-3.564199
-3.439091
-11.724415
-1.219679
1.098636
-3.213600
2.837598
3.106553
-3.924260
2.564065
-3.416442
-1.874338
7.630271
-3.881140
-3.175036
-11.992391
-1.512755
0.687091
-3.161908
2.545026
3.016854
-3.994806
2.970126
-3.007283
-1.464033
7.753255
-3.914398
-3.373874
-11.191556
-1.594855
1.114982
-2.854442
3.185570
3.015973
-3.424223
2.526195
-2.893419
-2.069097
7.042434
-4.122420
-3.033566
-11.656464
-2.187810
0.195313
-2.023146
3.283307
2.357965
-2.891779
1.672249
-2.792073
-1.687633
8.055462
-3.469416
-2.769657
-11.344214
-0.997756
1.891296
-3.093872
3.201358
3.129818
-4.424740
2.643816
-3.397564
-2.010971
7.466664
-3.583637
-2.594148
