Fit
George
9
-9.607127
-1.792012
-1.375648
-3.187284
0.531449
3.312586
1.571425
1.813317
-0.889294
1.657069
3.993734
-2.155530
-1.903302
-9.605146
-1.018051
-0.775028
-3.562045
0.603952
4.294429
2.249255
1.709433
-1.244238
2.282551
4.751546
-1.796609
-2.335630
-9.836456
-0.262963
0.211414
-3.236654
1.287236
5.014953
2.100871
1.897711
-1.342023
2.019610
5.167481
-2.076277
-3.199525
-10.667135
0.635525
1.804054
-4.154771
1.713986
5.028790
-0.270583
2.815374
-1.925280
1.347877
6.514956
-2.397429
-3.578909
-10.600003
0.545838
2.306878
-4.580006
1.600079
4.657298
-1.987299
3.404233
-2.233386
0.739087
6.391939
-2.938236
-3.485835
-10.315753
0.444855
2.899823
-4.352883
2.137659
4.233589
-3.568301
3.897047
-2.522415
-0.396016
6.129021
-3.257603
-2.959912
-10.155767
0.992289
3.421351
-5.193213
1.987630
4.981442
-3.282587
3.814079
-3.283593
-0.435768
5.878382
-3.239723
-2.982701
-9.760073
0.254937
1.920205
-4.058591
1.670268
3.808623
-2.208091
2.244790
-2.923256
-0.301062
6.148989
-2.872618
-2.917759
-11.054345
-2.531333
-0.590136
-1.821120
2.968039
2.140755
-1.586900
1.377298
-2.353781
-1.484427
6.976856
-3.380318
-2.457244
-11.208484
-3.492461
-1.364366
-1.195176
3.272968
1.562706
-1.150491
0.885061
-2.366068
-1.991927
6.689958
-3.399026
-2.163964
-10.899089
-2.568136
-0.542197
-2.255395
2.570490
2.041373
-1.796033
1.322760
-2.540916
-1.690038
6.214352
-3.454905
-2.367999
-11.076522
-1.310713
1.413014
-3.184948
2.863493
3.262679
-3.130450
3.041277
-2.692237
-1.560403
6.601477
-3.635844
-2.527459
-10.518621
-0.820631
1.599270
-3.465444
2.430069
3.247412
-3.283374
3.003718
-2.694764
-1.119333
6.288483
-3.259296
-2.526325
-10.232579
0.209995
2.567244
-3.134998
2.933503
4.225840
-3.240688
3.594877
-2.731043
-0.891817
5.915509
-3.083099
-2.739907
-10.299996
0.359583
3.196578
-3.317544
3.034519
4.034461
-3.867383
3.503098
-2.822573
-1.000050
6.122175
-2.690865
-2.325671
-9.880301
0.993665
3.695980
-4.123428
2.700294
4.790610
-3.569283
3.877715
-3.062531
-0.683718
5.902552
-2.862270
-2.678737
-10.060410
1.407742
4.116923
-5.114252
2.395879
5.377584
-3.638504
4.153104
-3.371076
-0.360780
6.003650
-2.965722
-2.919656
-10.073793
0.708669
3.417231
-4.716677
2.299994
4.512830
-3.529540
3.819376
-2.824548
-0.407137
6.156344
-2.922336
-2.536952
-10.313935
1.168100
3.792827
-4.566582
2.518254
4.880979
-3.750636
3.984958
-2.993379
-0.419065
6.736907
-3.032841
-3.058772
-10.379698
1.150936
3.666288
-4.224504
2.738286
4.675791
-3.858018
3.522802
-3.232588
-0.740739
7.145114
-3.082259
-3.161733
-10.509592
0.822029
3.481173
-5.112882
2.172490
4.479255
-4.320853
3.846357
-3.366564
-0.783987
6.809203
-3.271782
-2.932391
-10.660116
0.803220
3.293338
-4.375909
2.552097
4.440276
-4.196133
3.464612
-3.448245
-0.982728
7.117696
-3.337745
-3.224806
-10.497371
1.325335
4.123725
-4.906446
2.550783
4.801312
-4.846295
4.048242
-3.643523
-1.024290
6.838393
-3.329489
-3.087393
-10.441975
1.183353
4.052290
-4.725752
2.641327
4.843726
-4.493127
4.386679
-3.138333
-0.773492
6.691340
-3.149944
-2.845850
-10.680654
0.348390
2.840459
-3.986444
2.468433
3.902970
-4.156302
3.314030
-3.063908
-1.095090
6.678439
-3.544756
-3.241390
-10.221775
0.521377
3.346612
-3.821049
2.833749
3.955426
-4.272937
3.401013
-2.995072
-1.128001
6.429999
-3.197248
-2.834753
-10.326609
0.999783
3.474380
-4.009416
2.539574
4.256478
-4.347378
3.758161
-3.059926
-0.951912
6.435740
-3.279952
-3.133324
-10.214758
1.364963
4.174043
-4.384515
2.888873
4.857261
-4.590712
4.100348
-3.462067
-1.076752
6.607278
-3.247560
-2.977152
-10.789780
1.025275
3.822892
-4.637239
2.978225
5.445935
-4.137873
4.426920
-3.770371
-1.011568
6.600115
-3.239660
-2.920232
-10.942757
0.794047
3.667604
-5.058536
2.493098
4.710826
-4.962517
4.190474
-3.679844
-1.162272
6.920942
-3.502536
-2.985694
-10.582848
0.419866
3.095837
-3.996377
2.910163
4.557743
-3.652358
3.442934
-3.472488
-1.354258
6.589940
-3.529037
-2.997328
-10.790133
0.540695
3.380267
-4.855185
2.575553
4.878119
-4.150868
4.178233
-3.525102
-1.138291
6.333678
-3.458901
-2.790085
