LED
ben
1
-6.950622
0.736781
0.010849
-1.530322
0.745277
3.839345
2.778802
0.485443
-0.684659
2.798961
4.224808
0.211358
-1.192484
-6.423989
1.906088
1.960294
0.116231
2.316619
3.651952
0.453196
-0.214645
-1.997971
1.320594
4.027528
0.416124
-0.625015
-6.765426
3.215658
5.032106
1.896628
4.339935
3.652355
-3.229972
0.492574
-3.052849
-0.555995
3.260154
0.601208
-0.345982
-7.270106
4.448240
7.274837
2.623142
5.833807
4.046053
-5.761588
2.009745
-3.487792
-1.713036
2.744441
0.032335
-1.191528
-8.476190
3.683972
6.894097
2.572049
6.532565
4.069810
-6.257536
3.247901
-3.579715
-2.918781
2.513015
-1.173447
-1.857635
-8.105103
3.411920
5.976841
-0.777968
3.243944
3.313430
-6.263313
2.704290
-3.672338
-1.754433
2.150349
-0.139563
-0.317100
-10.982842
-2.217544
-1.310252
-2.495778
1.377608
4.502077
1.925746
3.079369
-1.595877
0.186280
1.819620
-1.565313
-0.158015
-14.186680
-6.427297
-5.282504
0.112137
2.635409
4.739663
4.933181
2.524334
-1.771605
-1.788792
1.511461
-2.601921
0.877226
-15.331583
-8.048098
-6.967316
1.776071
3.869212
4.100887
4.638414
1.499063
-2.703686
-2.757430
3.442969
-2.928142
0.388966
-15.626388
-8.549685
-7.448111
2.153322
4.285782
3.302300
3.973981
1.107426
-2.637316
-2.755296
4.629628
-3.091507
0.020703
-15.143552
-7.638857
-6.199725
0.323950
3.684690
3.975151
3.275746
2.148856
-2.691235
-2.248302
4.862926
-3.274016
-0.215841
-12.401916
-1.874096
0.314122
-3.912800
2.604723
4.737852
-2.546407
4.262581
-3.445735
-1.076061
6.913417
-3.377364
-2.039127
-12.143997
-4.983002
-3.508984
-0.148687
3.443426
2.436243
1.332785
0.035094
-3.042936
-2.378750
5.929128
-3.587541
-1.870529
-15.803413
-8.614382
-7.684782
2.426066
4.578783
3.193100
4.457829
0.321056
-2.197139
-2.093418
6.486246
-3.465555
-1.425173
-16.785610
-10.333799
-8.389265
3.374852
5.062469
3.480142
4.753683
1.022667
-1.605054
-3.071566
5.093765
-3.874357
-0.536635
-16.482794
-9.726769
-8.157915
3.796098
5.207733
3.097052
4.294796
1.271764
-1.080085
-2.517947
5.839426
-3.583035
-0.867157
-16.911705
-9.813176
-8.141568
4.101699
5.759096
3.363274
4.152302
1.356554
-1.603307
-2.917755
5.979442
-3.768466
-0.989542
-16.961521
-10.092024
-8.578684
4.030654
5.773308
3.156962
4.479296
0.789919
-2.015399
-3.115493
6.139091
-3.861629
-1.004185
-15.877790
-7.354085
-5.756693
2.804084
6.100153
3.707222
2.328052
1.564895
-2.856948
-2.792490
7.625840
-3.562090
-1.691120
-14.173349
-5.073638
-2.927511
0.632620
4.920753
3.766116
-0.323536
2.794014
-2.708406
-2.329284
6.989411
-3.393800
-1.645504
-14.694095
-4.020172
-3.113350
-0.565912
4.026232
3.421024
-0.230855
1.788392
-3.539299
-2.063047
8.256367
-3.689312
-2.844792
-13.827029
-3.465079
-2.318186
-2.070517
3.052385
3.528873
-1.059612
2.159064
-3.489839
-0.739078
8.405321
-3.061047
-2.554547
-12.814726
-2.921762
-1.195404
-2.669750
2.897474
3.879781
-1.100590
2.725122
-3.268820
-0.718240
7.867897
-2.815620
-1.926863
-11.621130
-0.420433
1.422923
-5.422514
1.350957
4.242425
-3.201003
2.247211
-4.628079
-0.577464
7.517100
-2.771966
-2.588018
-12.975929
2.274625
4.778906
-5.559228
3.030212
7.586798
-5.607924
5.992787
-5.303890
-0.054510
8.155436
-2.263629
-3.184561
-12.745996
1.841791
3.989796
-5.831596
1.874354
6.388497
-6.426851
6.170927
-4.185945
0.585615
8.416246
-2.309866
-3.189448
-12.356546
1.661090
4.059637
-6.361398
1.530252
6.231437
-6.879519
6.890212
-4.088544
-0.046180
6.986647
-3.071066
-3.221943
-12.592409
1.481246
3.196601
-5.531043
1.500719
6.392382
-5.963958
6.610295
-4.258122
-0.190613
6.689116
-3.322617
-3.932502
-13.803824
1.109777
3.304245
-6.025493
1.954651
6.559719
-7.210314
7.035018
-4.897496
-0.924211
7.796499
-3.928965
-3.731675
-12.576681
0.815960
3.582593
-4.827302
2.401622
5.271604
-7.579027
6.737496
-4.008360
-1.271772
6.997875
-3.182250
-2.834750
-14.118517
-0.570443
1.421138
-4.120522
2.535882
5.244547
-6.036263
6.089738
-3.968819
-1.212670
8.185890
-4.031336
-3.478298
-13.815069
0.707920
2.922781
-4.082984
2.767586
5.543523
-7.172096
6.480081
-4.249964
-1.375192
8.480543
-3.661811
-3.742242
