Cat
Brooke
3
-11.683076
-5.065359
-5.294428
2.282660
3.713384
0.112940
3.091029
-2.217489
-0.772609
-0.484379
8.438561
-3.444091
-3.679500
-11.041018
-5.720154
-6.163591
1.210464
2.008886
-0.343868
2.906020
-2.729951
-1.193944
-0.144655
6.815378
-2.530385
-2.459494
-9.182850
-4.575437
-5.702905
0.000805
0.132615
-0.385214
2.526830
-2.656682
-1.419040
-0.360152
3.253742
-2.564752
-2.297704
-7.633703
-1.799435
-2.796705
-0.992245
-0.497338
-0.029653
0.853366
-2.250541
-1.687226
-0.109869
2.425639
-2.321597
-2.471928
-5.842377
0.702977
-1.203574
-2.115868
-1.652354
0.960472
1.042132
-2.372246
-2.094646
1.213184
1.311410
-1.636470
-3.003883
-5.353143
1.679842
-1.257029
-3.434819
-3.344504
1.117609
1.531229
-2.893939
-2.472733
2.319966
0.076546
-1.348124
-3.310797
-5.688204
1.177551
-2.065818
-2.658631
-3.311852
0.368964
1.527965
-3.553975
-2.197319
2.565442
0.738179
-1.185956
-3.752878
-5.861356
0.813463
-2.342128
-2.223731
-3.083654
0.111566
1.576393
-3.546254
-2.035309
2.249961
0.638177
-1.573320
-4.019899
-5.772658
1.226750
-1.132444
-1.910416
-2.409395
0.137052
0.544587
-3.004670
-1.915186
1.569508
0.338642
-2.094100
-4.303372
-5.860217
1.347603
-0.041617
-1.109218
-0.717750
1.253442
0.700565
-1.795706
-1.591449
0.742737
0.373257
-2.885286
-4.450220
-7.400048
1.605380
2.446367
-1.508062
1.693751
3.427185
-0.084236
1.788976
-0.614850
0.725335
2.813610
-3.215636
-4.281245
-9.471276
1.937349
4.585197
-3.058977
3.417739
5.069690
-2.713403
3.860252
-1.869305
0.126518
5.643582
-2.922536
-4.025449
-8.750569
2.151611
4.752769
-3.471746
3.005822
4.674414
-3.321857
3.512810
-1.835914
0.515394
5.593330
-2.303550
-3.276863
-9.465360
0.619553
3.474722
-2.701709
3.459121
3.869113
-3.019193
3.127125
-1.739514
-0.570260
6.262694
-3.294129
-3.304792
-9.574292
1.099718
3.950204
-2.241192
4.132900
4.678405
-2.731529
3.289356
-2.212107
-0.530107
6.379762
-2.748472
-3.203174
-9.535280
1.188680
3.851837
-4.017061
2.729387
4.399154
-2.660049
3.384748
-1.950648
0.302071
6.277971
-2.956998
-3.332032
-9.419123
1.383113
4.240185
-2.790410
3.795725
5.459398
-1.986389
3.965368
-2.075465
0.131713
5.394753
-2.415735
-3.026068
-9.153409
0.126579
2.431628
-2.417850
3.442806
4.596830
-0.678066
2.922821
-1.955956
-0.243140
5.334076
-2.720897
-2.754624
-9.743876
-0.908012
1.211878
-2.484205
3.314735
4.202776
-0.120240
2.076086
-2.230188
-0.483207
6.078875
-3.308264
-2.953087
-10.083685
0.295307
2.629138
-2.183275
3.923556
5.281428
-0.191355
3.608470
-1.217459
1.004563
6.394482
-2.328592
-3.215334
-10.192846
-0.028471
2.614249
-2.458488
4.098387
5.465406
-0.302929
3.640135
-1.917650
0.064019
6.062250
-2.926984
-3.237560
-10.410551
0.436774
2.754830
-2.539572
3.983809
5.456558
-0.987483
2.990605
-2.922350
0.113893
6.407768
-2.166522
-3.006437
-9.723260
1.484266
3.762001
-3.826038
3.188233
5.852938
-1.168424
3.346760
-2.870400
0.549854
6.663221
-2.242594
-3.199440
-9.753961
0.900739
3.567881
-3.502059
3.254806
4.623531
-2.258148
3.518068
-1.737870
0.356343
7.266994
-2.531327
-3.005149
-10.406698
-0.563057
1.935089
-3.049922
3.265373
4.463123
-1.035970
3.336858
-1.574415
0.010161
6.898725
-2.987565
-2.443517
-10.865392
-0.961670
1.393788
-3.938046
2.551152
3.889086
-1.928663
2.892609
-2.212475
-0.347226
7.368260
-3.655654
-3.005179
-9.514255
1.580514
4.400848
-3.064349
3.750310
5.331054
-2.886666
4.126991
-2.352390
-0.240126
6.309305
-2.410233
-2.800884
-9.741047
1.316773
3.797563
-4.084965
2.748995
4.734161
-2.809947
3.450374
-2.367603
0.188258
6.257716
-2.549266
-3.012969
-9.402740
0.636912
3.366216
-3.919379
2.751205
4.259866
-2.879232
3.155067
-2.429615
-0.383845
5.904706
-2.501352
-2.352265
-9.751933
1.722127
4.259642
-4.046554
2.811456
5.024518
-3.064369
4.169397
-1.932511
0.670143
5.731837
-2.112647
-3.171156
-9.711500
1.144624
4.090998
-3.809735
3.175982
4.739958
-2.930589
4.120176
-1.589674
0.395925
6.593716
-2.338736
-2.749485
-9.656745
2.149048
4.837405
-3.106384
3.805584
5.660343
-2.853044
4.137402
-2.376167
0.262541
6.491601
-2.020842
-3.031224
