Crazy
Brooke
1
-8.637779
0.662639
-0.074844
-3.902997
-0.849526
3.604504
1.313652
0.995791
-1.448823
2.769095
2.615213
-1.206623
-2.865304
-12.068110
-2.081299
-0.891374
-4.197147
1.151533
3.358068
0.632652
2.194572
-1.264854
1.595164
5.389958
-2.795351
-3.305719
-10.577526
-2.282003
-1.835865
-0.011255
3.224515
3.734877
3.136711
0.808499
-0.905337
0.750897
6.395694
-2.713850
-3.606251
-11.669392
-3.254093
-2.799089
1.420671
4.061784
3.299481
3.091496
-0.317667
-1.785747
-0.480050
6.056931
-3.090943
-3.734076
-13.733388
-4.508451
-4.174212
3.749196
5.888952
2.686137
3.202618
-1.631351
-2.762723
-1.155296
7.189479
-2.946135
-4.504982
-13.560592
-4.036007
-3.830689
2.231637
5.439338
3.772723
3.462587
-1.156864
-3.316463
-1.074894
6.822630
-2.853122
-4.077590
-13.752448
-4.750785
-3.473235
1.219690
4.720270
3.034575
2.094352
-0.028214
-2.239406
-0.698082
7.399611
-2.776466
-2.846344
-12.549517
-4.261404
-3.361951
1.993602
4.982752
2.528909
2.655228
-1.155071
-2.146816
-0.968374
7.334786
-3.469544
-3.469884
-12.382168
-4.471146
-4.352034
-0.964067
2.395073
3.817566
3.995338
-0.237946
-2.818885
-0.663471
5.348561
-3.113910
-2.240025
-12.415985
-2.866298
-1.469182
-1.635989
3.503103
4.379474
1.272417
0.226481
-3.898945
-1.558370
6.026552
-3.697009
-3.393416
-13.053982
-4.768330
-3.457320
2.415749
5.675898
1.294824
1.305696
-0.895167
-1.640471
-1.946286
8.516272
-3.700685
-3.247504
-14.543118
-6.798024
-5.358137
3.575535
6.258642
1.044327
2.650672
-1.641496
-1.678200
-2.556862
8.776057
-4.787075
-3.244192
-15.153227
-7.712111
-7.812494
5.566671
6.828723
1.528864
6.325541
-3.062903
-1.572272
-1.059998
10.053082
-3.866605
-3.933128
-14.267164
-5.883462
-5.194598
5.117632
7.049890
1.003948
2.801711
-1.695284
-1.956926
-1.677883
9.692974
-2.972987
-3.308846
-13.837013
-6.088689
-5.359247
4.330194
6.143001
0.375171
1.935147
-1.250320
-0.836736
-1.585317
9.681890
-3.756339
-3.406002
-13.438599
-5.297527
-4.272448
3.028342
5.553213
0.446639
1.262691
-0.191297
-0.905730
-1.842626
8.315941
-3.766201
-3.106619
-12.805770
-2.630835
-1.298395
0.429814
4.643461
2.484463
-0.892889
1.408929
-2.557212
-1.640816
7.444039
-3.673698
-3.529231
-10.983912
-1.256816
0.665738
-2.009937
3.276002
3.718023
-1.771703
2.263747
-3.234756
-1.403399
6.290879
-3.044128
-2.303487
-11.030863
-1.880782
-0.369875
-1.881933
2.773410
2.624229
-1.613072
1.660251
-2.417617
-1.157936
7.445959
-3.376078
-2.637971
-10.773878
-1.063247
0.866669
-3.691596
2.463159
3.798700
-1.334637
2.217346
-2.977537
-1.198450
7.129678
-3.708204
-2.575723
-11.289709
-0.362104
1.532565
-5.734991
1.062481
3.977698
-3.088849
3.320011
-3.151131
-0.505549
6.645837
-4.088705
-3.154375
-12.069992
-1.816302
-0.133963
-5.683398
1.246016
4.239557
-1.029533
2.257740
-3.792153
-0.757130
7.208079
-4.110827
-2.622074
-11.029894
-1.724687
-0.391944
-5.317411
0.778250
3.328156
-0.986357
1.461258
-3.269552
-0.537095
6.431849
-3.842368
-2.737012
-10.575525
-0.519116
1.527394
-5.945865
0.881094
3.829962
-2.782493
3.075099
-3.234306
-0.413873
5.882815
-3.533184
-2.674794
-11.719016
-1.519397
1.154266
-5.391527
1.816248
3.986557
-3.342347
3.589025
-3.529747
-1.168038
6.498476
-3.955897
-2.642506
-11.905839
-1.201707
0.609342
-5.750422
0.922881
3.959385
-3.251351
3.531002
-3.538499
-0.669038
6.435162
-3.972657
-3.026006
-11.173903
-0.034275
2.878144
-5.296634
2.246717
4.768542
-4.113561
5.004522
-3.077521
-1.166489
6.195209
-3.988420
-2.770024
-11.045315
-0.239592
2.129208
-4.151325
2.399902
4.051791
-3.355315
3.073855
-3.739177
-1.495734
6.327448
-3.841562
-2.986290
-10.680243
-0.016689
2.680432
-3.991446
2.652659
3.688021
-4.186898
2.940753
-3.649527
-1.772225
6.637475
-3.816539
-3.276390
-11.471356
-0.962947
1.799335
-4.031414
2.499994
3.231633
-4.336381
3.093899
-3.371333
-1.757160
7.144897
-3.676918
-2.463127
-10.269253
-0.099107
2.511150
-4.350371
2.451989
3.975899
-3.057681
2.053793
-4.367697
-1.861198
6.469462
-3.219163
-2.154945
-11.096590
-0.328298
2.071278
-5.352059
1.955653
4.283248
-3.175463
3.144844
-3.773645
-1.150769
7.486104
-3.729827
-2.749657
