No
Brooke
1
-8.581181
-0.547257
-1.091888
0.557457
1.533577
2.102120
2.668403
0.861408
1.457167
2.553708
3.993229
-2.989737
-5.234630
-6.476098
3.001862
2.489476
-0.883749
0.644292
1.959767
-0.580901
0.786431
0.789710
3.238413
4.068037
-1.154879
-5.002786
-6.451227
4.330004
3.901157
0.767003
2.379217
2.364276
-2.359766
-0.299840
-1.098713
1.548964
5.419109
-1.392717
-5.368136
-6.954700
4.649877
4.727629
2.244870
3.421181
1.988162
-3.920226
-0.535524
-1.554385
0.489202
5.442266
-1.314884
-5.087000
-6.603655
6.074158
6.856378
2.334229
3.443044
1.988481
-6.060287
-0.520767
-2.112696
0.004897
4.596160
-0.918625
-4.832037
-5.988747
6.833391
7.887078
2.079126
3.969457
2.392251
-7.491596
0.355245
-2.670178
-0.742319
3.191756
-1.256757
-4.190763
-6.524483
6.636989
8.074981
2.586646
4.688198
2.757874
-7.277742
1.433179
-2.402037
-1.239750
3.831819
-1.661639
-4.624371
-6.095465
7.685465
9.545376
1.571634
5.059121
4.316409
-7.746834
2.703886
-3.373434
-1.719298
2.268191
-1.998510
-4.391983
-5.910987
7.896473
10.832710
-1.452504
4.805028
6.808762
-6.552108
4.871049
-3.949063
-1.222337
1.054248
-1.989689
-4.259811
-7.180146
5.255554
8.439140
-3.190886
3.841428
6.353745
-5.468774
3.876808
-4.812414
-1.743736
2.734651
-2.192045
-2.891695
-9.144735
1.960213
4.247112
-4.963248
2.023849
4.882677
-3.649606
2.986938
-4.154405
-1.175969
5.617205
-3.398913
-3.335448
-8.657446
1.240664
3.547781
-5.745092
1.072510
3.908468
-3.199286
2.667052
-3.166983
-0.736156
4.533381
-3.689760
-3.161084
-10.209098
2.463897
4.590015
-6.841705
0.678325
5.689081
-5.046350
5.060722
-4.209038
-0.333650
4.977826
-3.416603
-3.678405
-9.570896
1.839950
3.928625
-6.691763
0.360842
4.869882
-4.635014
3.994734
-4.454269
-0.797666
4.238236
-2.713604
-2.263679
-10.796165
1.322450
3.805462
-7.140842
0.766973
5.207381
-5.259795
4.005110
-5.241759
-1.078963
5.551349
-3.198530
-2.556332
-10.213523
1.559635
4.280957
-7.072004
1.201425
5.466948
-4.675695
4.198960
-4.736168
-0.986092
5.574028
-3.326074
-2.553372
-10.541479
0.500658
2.955917
-6.508570
1.415241
5.104245
-3.233987
3.527008
-4.348763
-0.776374
6.446811
-3.044929
-2.043196
-9.891548
-0.797728
1.682990
-3.593517
2.641423
3.175423
-2.488994
1.649658
-3.219873
-1.504663
6.552261
-3.654148
-2.716125
-10.713135
-0.914841
1.922310
-4.689054
2.161581
3.200892
-3.958385
2.913547
-3.113605
-1.455287
6.881255
-3.826553
-2.763199
-12.089081
-0.465493
1.968009
-5.553999
1.798912
4.084291
-5.164228
3.800686
-4.102659
-1.318177
7.488188
-3.821387
-2.881210
-11.825967
-1.362359
1.085994
-3.789542
2.568196
3.642962
-4.166269
3.145284
-3.815633
-2.350895
6.251254
-4.458314
-2.915155
-11.374552
-0.948721
1.693292
-4.747811
2.289408
4.105783
-3.634510
3.523530
-3.770217
-1.936741
6.189460
-4.306938
-2.793025
-11.036213
-0.206357
2.519289
-5.433033
1.955346
4.214462
-4.522111
3.776554
-3.908501
-1.564315
6.389726
-3.905746
-2.640498
-10.197945
-0.306116
1.824020
-5.426040
1.118533
3.743411
-3.356349
2.546350
-3.991021
-1.387351
5.046187
-3.227431
-1.900365
-11.399790
-0.875292
1.447395
-5.842247
1.467354
4.121832
-3.185373
2.994205
-4.345094
-1.534957
6.122177
-3.364803
-1.671544
-11.730299
-1.093042
1.318488
-5.061019
1.997065
4.176904
-2.988202
2.426058
-4.435329
-1.750242
6.629399
-3.834298
-2.453696
-12.300241
-1.286117
0.413640
-5.319001
1.583315
4.192759
-2.575480
2.484937
-4.313144
-1.081995
7.918270
-3.935169
-3.220363
-11.337723
-0.027440
1.820539
-5.953308
1.318221
4.377660
-3.091855
2.532000
-4.055756
-0.298229
7.937221
-3.411584
-3.266344
-12.200657
-0.483997
2.005967
-5.097253
2.126662
4.110454
-4.642678
3.833087
-3.823314
-1.560318
7.841442
-4.284242
-3.542890
-11.380152
-0.696601
1.913570
-6.740757
0.695590
3.557147
-4.270920
3.240883
-3.915796
-1.202930
6.219985
-3.834296
-2.491182
-11.681248
-0.541692
2.165463
-5.005224
2.040917
3.629790
-4.758149
3.926851
-3.221964
-1.541484
7.130847
-4.313407
-3.134150
-11.914946
-0.968045
1.506307
-5.393431
1.634368
3.240887
-4.730548
2.716127
-4.110837
-1.671634
7.576737
-3.919846
-3.082445
