No
LYn
2
-9.123982
0.917502
2.006240
-2.799248
1.178670
3.573792
-0.496378
2.757833
-0.555339
1.286695
4.489380
-3.121227
-4.125837
-8.035018
2.612015
3.796704
-2.124808
1.339534
2.873128
-2.693919
2.402736
-0.807237
1.497291
4.374142
-2.392043
-4.295446
-8.019146
3.404314
4.724533
-2.063060
1.556559
2.274885
-5.220009
2.253120
-1.474598
0.947650
4.725571
-1.582785
-4.170192
-8.580567
3.662985
4.984449
-0.860267
2.227445
2.078566
-5.486915
1.235180
-1.990950
0.247403
4.747398
-1.621235
-4.080214
-7.753751
5.285954
6.946160
-0.006568
2.680615
2.658688
-6.724996
1.390580
-2.286793
0.044124
2.877721
-0.682884
-3.409987
-7.576890
5.748705
7.526388
-0.301335
2.819206
3.049415
-7.066353
2.242822
-2.291771
-0.217325
2.366658
-1.332004
-3.897823
-6.521046
6.836052
8.469411
1.580227
3.615229
2.750141
-6.638680
2.258187
-1.195110
-0.060811
2.999617
-1.346231
-4.632658
-6.942255
6.880644
8.407376
1.775148
4.498724
3.119900
-7.439188
2.894871
-1.777713
-0.545191
3.001399
-1.869132
-5.617723
-7.390722
6.439603
8.768459
1.114969
4.796017
3.911273
-7.885481
4.183184
-1.795183
-0.789462
3.055529
-1.656176
-4.565313
-7.264630
6.010979
8.443624
0.701750
4.636991
3.950875
-7.221892
3.235825
-2.542540
-1.266893
3.060934
-2.126359
-4.614702
-7.523706
5.165143
7.388283
-1.169637
3.110026
3.368734
-6.817486
2.389073
-3.278385
-1.372842
3.428231
-2.245273
-3.965008
-5.726904
6.464898
8.309380
-1.694562
2.604570
4.143370
-5.975539
2.074163
-3.528524
-0.493906
2.060667
-1.121304
-3.101540
-7.635217
6.211454
9.184830
-1.301857
4.460395
4.924612
-7.666393
3.986874
-3.728871
-1.881976
2.867870
-2.316292
-3.714749
-9.409863
4.445083
7.181717
-1.965080
4.171781
5.904428
-6.554000
5.389225
-3.357997
-0.954050
4.857849
-2.464632
-3.790575
-10.789403
1.533515
3.581910
-2.556898
2.934781
4.496492
-5.618793
4.970926
-2.981150
-1.332708
5.388411
-3.355356
-3.405654
-11.392025
1.996636
4.442473
-4.367418
2.641354
5.218649
-6.892865
5.594768
-3.893363
-1.213787
6.103373
-3.536191
-3.457080
-11.013614
2.140965
4.584952
-5.295293
2.102053
5.500500
-6.151594
5.285309
-4.055826
-0.435160
6.183276
-2.986262
-3.462981
-12.451424
0.141003
2.450509
-4.029014
2.842376
5.335945
-5.118207
5.516067
-3.718132
-1.127822
6.652129
-3.576104
-3.246341
-11.427802
0.097069
2.144781
-5.037474
1.525898
4.273162
-4.614365
4.611884
-2.955594
-0.241038
6.829002
-3.208705
-2.694530
-12.576900
-2.049892
-0.233726
-3.972581
1.719461
2.668688
-3.955996
2.251301
-3.486775
-1.252138
7.729122
-3.748705
-3.176444
-12.872418
-2.413102
-0.453482
-4.299962
1.756259
3.009259
-3.918381
3.287836
-3.216570
-1.636384
7.122403
-4.457095
-2.847335
-12.155751
-1.495642
0.495047
-4.617534
1.523535
2.651637
-4.376559
2.425972
-3.224630
-1.284677
7.815626
-4.045222
-3.098788
-12.075461
-0.781416
1.356181
-3.996162
2.520975
3.592656
-4.018898
2.452820
-4.254318
-1.821114
7.482765
-3.973994
-3.217384
-12.231941
-1.553498
1.076551
-3.754415
2.787808
3.193464
-3.777246
1.555412
-4.373081
-1.754930
8.251754
-3.241975
-2.330455
-11.172328
-1.178850
1.085444
-4.347699
1.975669
2.813936
-3.385504
1.981447
-3.135127
-0.933937
7.645955
-3.188918
-2.443064
-11.419225
-2.017672
0.107794
-3.812993
2.231160
2.064913
-2.755417
1.503356
-2.575587
-1.318723
7.487180
-3.910078
-2.778531
-11.901913
-2.171910
0.069689
-4.280270
1.957791
2.453830
-3.342933
2.278513
-2.823896
-1.449724
7.435926
-4.367166
-3.074768
-11.293084
-1.652091
0.912843
-3.794041
2.425414
2.834088
-3.346063
2.608231
-2.855375
-1.680506
7.101955
-4.091360
-2.950984
-11.429585
-1.249760
1.257286
-4.488873
2.140316
3.105881
-3.950236
2.534630
-3.338862
-1.203221
7.756336
-3.570376
-2.683299
-11.459371
-0.601984
1.895026
-5.185092
2.079807
4.127327
-4.062676
3.399686
-3.839723
-1.475087
7.156551
-4.079642
-2.964494
-11.324196
-1.210690
1.549271
-4.799448
2.212117
3.574453
-3.963617
3.173328
-3.553194
-1.696391
6.670413
-3.816441
-2.300723
-11.220439
-0.895243
1.829806
-5.429655
1.646069
3.319995
-4.536577
3.169360
-3.626214
-1.693247
6.571932
-4.121127
-2.811373
