Crazy
Briggs
0
-8.832434
2.808261
3.817693
-6.028028
-1.704815
0.875801
-5.311538
1.803030
-0.717059
2.862412
4.127245
-0.740118
-2.464740
-9.292562
0.757450
1.171037
-5.223612
-1.204330
1.787123
-2.115317
1.649176
-0.600302
2.605322
4.968926
-1.251565
-2.373130
-10.386141
-0.178544
0.401702
-5.442697
-0.886397
3.041697
-1.112963
2.517549
-0.954883
2.549608
4.424745
-1.936987
-2.676757
-10.508504
-0.379240
0.345371
-4.252009
0.276628
3.640229
-0.474579
2.366859
-1.460293
1.576800
3.642633
-1.803241
-1.964614
-11.093709
-1.989686
-1.714796
-3.722324
0.270954
3.931576
1.565344
1.795304
-1.814177
1.555574
3.959365
-2.090384
-1.709582
-11.893086
-2.854117
-2.666380
-4.076810
0.302463
4.284706
2.522065
2.326896
-1.892198
1.573921
4.194685
-2.507921
-1.806205
-11.988472
-3.795072
-2.914350
-3.695359
0.660868
3.549655
1.646253
2.726115
-1.508539
0.732523
3.662420
-3.101917
-1.725111
-11.593315
-3.338277
-2.529572
-3.265320
0.931166
3.265233
1.328410
2.570915
-1.442198
0.472813
4.203773
-3.156914
-1.791210
-11.557331
-3.785079
-3.014318
-3.015481
0.689086
2.503818
0.947752
1.835675
-1.608765
0.616361
4.757433
-2.559061
-1.617355
-11.715638
-3.406649
-2.606333
-2.768249
0.729456
2.059373
0.201299
1.416778
-1.829460
0.193422
4.619819
-2.556360
-1.579978
-10.989201
-2.255167
-1.577386
-3.586467
0.497608
3.261175
0.543129
1.740761
-2.261235
0.769497
4.335544
-2.065888
-1.678479
-11.357396
-2.339019
-1.827491
-4.075557
0.299065
3.772502
0.708364
1.931197
-2.846712
0.411137
4.122657
-2.543122
-1.678808
-12.024410
-2.795583
-1.661153
-4.076073
1.035834
4.589342
0.749834
2.493006
-3.372467
-0.598619
4.221248
-2.937465
-1.363777
-12.290608
-2.751809
-1.877988
-4.178343
1.103590
4.449386
0.503496
1.945836
-3.825291
-0.411965
5.394855
-3.230937
-2.033415
-12.562131
-2.026778
-0.461423
-4.933708
1.490834
4.822231
-0.995777
2.927829
-3.991393
-0.624699
6.236103
-3.578823
-2.403832
-11.651328
-1.574365
0.248980
-4.346715
1.838585
4.286247
-1.804714
2.634518
-3.742944
-0.812805
6.194399
-3.384611
-2.391177
-12.111300
-2.624782
-0.610817
-3.136392
2.418063
3.781038
-1.139098
2.542460
-2.982318
-1.301020
6.518539
-3.820301
-2.557511
-12.292619
-2.763805
-0.514406
-3.278582
2.442195
4.149101
-0.751910
2.668682
-3.171203
-1.521240
5.455638
-3.852943
-1.957273
-11.200572
-1.701188
0.139753
-3.292712
2.139285
3.884142
-0.762449
1.646105
-3.290546
-0.897798
5.863790
-3.299319
-2.124886
-11.387180
-0.950300
1.143168
-4.355702
2.060470
3.942632
-2.585285
2.638834
-3.383490
-1.026529
6.695051
-3.558387
-2.606209
-11.442195
-0.951032
1.355320
-3.940039
2.387504
3.704879
-3.180756
2.799931
-3.428269
-1.101154
7.117884
-3.325762
-2.635395
-11.139642
-1.455098
1.083819
-4.045728
2.142430
3.283694
-3.180087
3.327267
-2.687804
-1.160913
6.313390
-3.491212
-2.368498
-11.702953
-1.458778
1.175172
-3.585803
2.519651
2.781190
-4.349127
2.926749
-3.125315
-1.717177
7.137170
-3.715043
-2.809293
-10.667695
-0.764277
1.448245
-3.206350
2.270694
2.890585
-3.356037
2.115059
-2.645243
-0.692329
6.729485
-2.917376
-2.752906
-10.168447
-0.287994
1.450274
-4.014112
1.487978
3.081981
-2.928405
1.842638
-3.029418
-0.487618
5.969743
-2.720167
-2.369316
-10.540284
-0.351479
1.999534
-5.046849
1.358301
3.251609
-3.618841
2.507495
-3.226547
-0.614216
5.722780
-2.546032
-1.845204
-9.421521
1.600914
4.073164
-4.350258
2.158180
4.127676
-3.915877
3.252924
-2.936243
-0.147363
5.825119
-2.047440
-2.162782
-10.342086
0.776974
3.093441
-4.680626
1.538298
2.893823
-4.011271
2.568056
-2.470857
0.171192
6.574266
-2.101421
-2.130389
-11.028937
0.087026
2.192604
-4.023564
1.879109
3.475394
-3.927258
3.422575
-2.591485
-0.323643
6.432802
-2.672746
-2.336973
-11.605870
-0.486761
1.527216
-3.981519
2.098856
3.613449
-3.869878
2.960272
-3.300060
-0.931715
6.867482
-3.398525
-3.134522
-11.798337
-1.333896
0.606447
-3.493269
2.304262
3.518411
-3.014332
2.736081
-2.937203
-0.961413
7.096336
-3.817148
-3.137912
-12.039353
-1.791172
0.291094
-3.410891
2.588193
3.630971
-2.293755
2.392451
-3.385575
-1.161877
7.255203
-3.704792
-2.768691
