All
Briggs
0
-8.183648
1.950427
3.578642
2.821954
5.705842
3.919125
-2.217338
0.015264
-4.251060
-2.250421
3.142184
-1.407779
-1.941599
-8.326822
2.888866
4.520166
1.893375
5.894792
5.212848
-2.125072
0.981579
-4.869574
-2.000453
3.319156
-1.546625
-2.330197
-8.567444
2.853510
4.515916
1.466127
5.486726
5.069721
-2.217183
0.582641
-5.266731
-1.793363
3.523830
-1.248640
-2.251192
-8.710524
3.637209
5.085290
1.716973
6.202165
5.759106
-2.215661
1.013781
-5.711426
-1.809123
4.250733
-1.439613
-2.896177
-8.728559
4.055014
5.687145
1.335812
6.198929
6.443909
-2.195842
1.395990
-5.956903
-1.803888
3.530501
-1.435574
-2.742226
-9.066611
4.617885
6.661119
1.346655
6.651517
7.154209
-2.631119
1.959764
-6.073703
-1.340191
3.654534
-1.544908
-3.518819
-9.033993
4.428894
6.668506
1.723489
6.776758
6.305602
-3.900024
2.009125
-5.443541
-1.312930
4.602877
-1.349174
-3.423196
-9.460995
4.592785
7.211765
2.104380
7.366696
6.444866
-4.394668
2.401314
-5.221624
-1.536844
4.610765
-1.618249
-3.798964
-9.862714
3.581490
6.220294
2.857100
7.362487
5.337777
-4.190253
1.968995
-4.355885
-1.097912
5.578138
-1.638891
-4.289639
-9.154814
4.659874
7.580374
2.264753
7.518688
6.089459
-4.846464
3.772685
-3.784342
-1.289373
4.231877
-2.084007
-4.617727
-9.505733
4.827702
7.605505
0.653019
7.092736
7.105498
-4.216126
4.401938
-4.188318
-0.812608
4.982329
-2.130264
-4.568555
-10.483609
3.640513
6.527422
0.868403
7.129601
6.670619
-3.868991
4.614087
-3.367924
-0.606042
5.984818
-2.074687
-4.394161
-10.963997
1.692137
4.752035
1.196728
6.919296
4.801040
-4.701058
3.990984
-3.055294
-1.965851
6.474204
-2.957670
-3.940373
-11.422424
2.366852
5.117732
1.257029
7.002684
5.414102
-4.656157
2.982217
-4.705248
-1.770762
7.080152
-2.470068
-3.979053
-11.110410
1.006236
3.390615
1.647898
6.359574
3.812750
-3.801133
1.790492
-3.616998
-1.714029
7.208347
-2.549852
-3.582699
-10.042888
1.318685
4.000933
0.280878
5.587811
4.130135
-3.810029
2.017024
-3.748694
-1.939940
6.239685
-2.887422
-3.552919
-10.177726
1.108556
2.832635
0.388297
4.492269
3.257686
-4.154809
0.866036
-4.708321
-1.831316
5.896950
-2.178833
-3.105654
-9.704817
1.622288
3.752342
0.008785
4.628399
4.251369
-3.890483
1.919173
-4.409082
-1.502939
5.549928
-1.830944
-2.688486
-10.737167
0.990157
2.928335
-0.999556
4.058972
4.166548
-4.328560
2.167399
-4.695756
-1.589705
6.200472
-2.404287
-3.022270
-9.915571
2.459708
4.769064
-2.250001
3.510864
4.932127
-5.524532
3.914078
-4.145932
-0.918398
5.608928
-2.020360
-2.893519
-10.984099
2.017747
4.238920
-2.322240
3.591515
5.195361
-5.813856
4.432182
-4.347486
-1.053062
6.020749
-2.525104
-3.383600
-11.254314
2.221533
4.805540
-2.699044
3.878900
5.543994
-6.185327
4.935256
-4.425999
-1.196314
6.197870
-2.659532
-3.291454
-9.676883
1.879922
4.068148
-1.818265
3.860534
4.811925
-3.813227
2.905053
-4.049436
-1.086988
5.590767
-2.314643
-3.084569
-10.056517
1.789573
4.380811
-2.651084
3.566201
4.817088
-4.638442
3.718808
-3.821746
-0.883476
5.789977
-2.168297
-2.478151
-9.453156
1.570155
3.367671
-1.997921
3.312643
4.352283
-3.456091
2.673213
-3.534060
-0.531750
5.551663
-2.076159
-2.852543
-9.737504
1.473949
3.702224
-1.957322
3.385569
4.142738
-3.765593
2.541545
-3.750327
-0.935256
5.323081
-2.577763
-3.201741
-10.478050
0.356157
2.383130
-1.254512
3.864550
3.731432
-3.450941
2.141372
-3.623899
-1.253874
6.024679
-2.760072
-3.256069
-11.781601
0.806472
3.253585
-2.565053
3.847924
4.731946
-4.870856
3.909627
-3.858823
-1.180299
7.163620
-3.563690
-3.893906
-10.799913
0.237895
2.671934
-3.271394
3.198233
4.317061
-3.721447
3.761829
-3.027559
-1.097691
6.373622
-3.559376
-3.353323
-10.508506
-0.074215
2.169516
-3.011919
2.826026
3.436922
-3.560369
2.757391
-2.483738
-0.518385
7.345771
-2.751391
-2.763175
-10.714622
-0.058219
2.738328
-3.151180
3.497501
3.676671
-3.663601
2.985528
-3.056484
-1.473013
7.023960
-3.385192
-2.870194
-10.747977
-0.429781
2.418169
-3.979163
2.788134
3.401308
-4.182432
3.258526
-2.969986
-1.260287
7.046052
-3.333710
-2.504478
