Thank
Yuyu
2
-8.049586
2.537269
4.086006
-3.141490
2.192923
5.584803
-1.308439
3.842988
-1.945666
0.941666
3.494865
-1.661882
-2.536080
-10.133056
-2.066199
-1.872698
-1.687680
2.014658
5.263937
4.291953
1.595165
-0.890793
1.693160
4.487793
-2.625717
-2.634818
-10.221107
-3.070797
-4.085766
0.539576
2.193167
4.890835
6.784769
-0.474270
-0.716460
1.698013
4.117458
-2.710237
-3.089956
-11.374508
-4.356845
-5.346518
1.401426
2.717923
5.002873
7.433295
-1.207181
-1.641430
0.472837
3.858129
-3.332608
-2.952913
-12.369175
-4.521650
-4.092134
1.630591
4.118117
5.193886
5.274058
-0.142276
-2.446088
-0.874333
4.417835
-2.867650
-1.723858
-12.527247
-3.088106
-2.121131
0.154072
4.214381
6.078796
3.210356
1.240223
-3.328847
-1.149098
4.947092
-3.043365
-1.794556
-12.316236
-1.796005
-0.194931
-2.394123
3.093094
5.573898
0.287221
2.919931
-3.372871
-1.053667
6.085945
-3.172845
-2.025240
-8.944621
1.086406
1.793578
-2.111635
1.995673
4.048735
-1.552020
1.946968
-2.869862
-0.079420
5.223036
-2.373386
-3.014578
-10.134010
1.045692
3.022565
-4.235542
1.603624
3.879161
-4.628414
3.499739
-2.697603
0.064973
6.247229
-2.589321
-2.817447
-7.633030
0.778280
0.118463
-2.963740
-0.607303
2.986641
0.223271
1.263352
-1.753946
1.640654
1.714107
-1.101098
-1.911448
-8.934052
3.326549
5.598570
-3.308677
2.663523
5.602834
-4.368203
5.310055
-2.314103
0.044140
3.531151
-2.278657
-2.925918
-8.392833
5.906773
8.360970
-5.562462
1.748879
6.307054
-6.107969
6.967411
-2.226370
1.712871
3.157314
-1.946254
-3.489328
-9.431021
4.672410
6.363142
-6.516216
0.497530
5.916159
-6.304675
6.274256
-3.280728
1.468868
3.931984
-1.721051
-2.988997
-9.223601
4.731439
7.303842
-5.534254
2.093462
6.077282
-6.464521
6.085879
-2.978865
0.867902
5.154649
-2.015110
-3.309958
-10.851028
1.256378
4.148722
-4.713758
2.608958
4.936994
-5.753472
5.354921
-3.341224
-1.128453
6.021618
-3.016859
-2.349608
-13.365663
0.190348
2.458280
-5.147314
2.457009
5.554296
-5.103091
4.925768
-4.326788
-0.475073
8.468231
-3.364755
-3.467649
-11.246434
-0.476155
1.856009
-4.914957
1.659655
3.879205
-4.493355
3.653253
-3.782634
-1.040013
6.618277
-3.155723
-2.555823
-12.189953
-0.754334
1.632283
-5.991531
1.358912
3.928548
-4.581819
3.619232
-3.935783
-0.931795
7.789125
-3.511486
-2.722450
-11.559535
-1.383424
1.660082
-4.200273
2.578239
3.396027
-4.347514
4.423134
-2.751083
-2.093034
6.565779
-3.582153
-1.756489
-11.996663
-0.432222
2.260561
-5.412362
1.699786
3.787988
-5.497832
4.488915
-3.393710
-1.334960
7.313222
-3.685765
-2.723565
-12.044944
-0.540533
1.739935
-5.327932
1.798841
3.987252
-4.631728
3.495062
-3.937178
-1.090021
7.896353
-3.678961
-3.057051
-11.333755
-0.915612
1.153220
-4.333705
1.814717
3.300730
-3.358773
2.509476
-3.260280
-1.088421
7.468682
-3.743702
-3.202006
-11.348943
-0.574526
1.636821
-4.077796
2.146255
2.970917
-4.019310
1.930297
-3.455132
-1.700608
7.428236
-4.522903
-3.856363
-10.388741
0.012986
2.264457
-5.306078
1.444673
3.417892
-3.632774
2.223419
-3.463868
-0.920635
6.887775
-3.443780
-2.738240
-9.787610
0.968164
3.486336
-5.454881
1.461170
3.456305
-4.539396
2.108612
-4.125872
-1.424690
6.458494
-3.415871
-3.148485
-9.128785
1.885432
4.804941
-5.127648
1.619153
3.307331
-5.909391
1.539578
-4.544299
-1.827468
4.953095
-2.963098
-2.458652
-9.902980
0.014532
2.838809
-4.256777
1.982802
2.118587
-5.200385
1.510247
-3.466998
-1.899310
6.125770
-3.310295
-2.619581
-10.001812
0.045105
2.634982
-4.937980
1.669690
2.702332
-4.561358
1.875292
-3.446417
-1.500735
6.127502
-3.927789
-3.203861
-10.301535
-0.246310
2.364929
-4.625320
1.676124
2.256474
-4.823199
1.808617
-3.180783
-1.757192
6.123527
-4.137403
-3.164031
-10.857696
-0.599469
2.115147
-4.448738
2.332798
3.372945
-3.810295
2.590654
-3.276959
-1.661194
6.308783
-4.351180
-2.873941
-10.687274
-0.387821
1.983266
-5.273498
1.581457
3.266208
-3.534849
2.228481
-3.273887
-1.033591
6.553741
-4.118389
-3.095509
-10.647447
-0.069887
2.791347
-4.577116
2.128576
3.157845
-4.685427
2.455307
-3.353479
-1.464223
6.690178
-3.611396
-2.834312
