Finished
ben
1
-9.514524
-3.027916
-4.172293
-0.336114
0.934224
2.284304
4.278318
-0.135538
0.288422
2.248244
5.284115
-1.845605
-2.271776
-9.810892
-3.460693
-4.399424
-0.406261
1.195256
2.623180
4.743021
0.158387
0.224465
2.104179
4.937763
-2.322928
-2.376658
-9.484867
-1.209958
-1.864940
-2.204316
0.179627
2.151283
1.086270
0.407564
-0.690974
1.784456
5.227539
-2.484347
-2.885833
-8.631720
-0.284173
-0.018381
-3.652506
-0.248680
2.452772
-0.409549
1.915923
-0.746370
1.625058
3.435691
-2.022561
-2.159423
-10.897408
-5.422353
-6.672958
2.674841
2.573084
1.532818
5.816813
-1.086988
0.737767
1.095035
5.133310
-3.398701
-2.943892
-11.564826
-6.176865
-7.006260
2.614727
2.773149
1.646217
5.963450
-0.241438
1.154378
0.773802
4.480120
-3.627474
-2.484831
-12.648951
-6.875860
-5.621199
1.761381
3.550808
1.933918
4.070629
2.099234
1.832773
0.362229
4.795507
-3.054281
-1.614774
-12.769053
-6.129783
-4.223819
2.019633
5.026353
2.302039
3.400656
1.181087
0.381617
-0.850834
6.961676
-3.629992
-2.045516
-16.522701
-12.217537
-11.418424
7.351192
7.054652
-2.180941
5.168979
-2.840375
0.058410
-3.769174
8.480206
-5.444364
-1.791488
-16.332954
-10.658046
-10.499362
7.546420
7.042559
-1.488812
5.113113
-3.050584
0.068296
-2.912310
9.724712
-4.778312
-2.786223
-16.273327
-11.103205
-10.290096
7.443274
7.442637
-1.633927
5.587560
-3.677810
-0.168664
-2.213108
10.597673
-4.151928
-2.372708
-17.507576
-11.202731
-10.340617
8.447829
8.121751
-2.170058
4.166399
-2.766887
0.617413
-3.113815
12.650078
-5.010513
-3.131081
-12.731655
-4.156675
-1.983072
3.597361
6.408200
1.097902
-0.852397
1.810412
0.457921
-2.088979
8.489016
-3.209506
-2.071523
-10.864094
-0.978727
2.283270
-0.518290
5.202893
3.055514
-3.727506
3.591529
-1.194820
-1.877874
7.758425
-3.639675
-2.680073
-10.402958
-1.418034
1.937448
2.935023
7.073315
2.859219
-1.982979
3.407182
0.176357
-2.044733
6.336727
-3.038897
-3.003787
-12.489799
-5.925967
-3.336367
1.701771
5.249823
2.265120
2.897095
1.531624
0.143701
-1.330855
6.555231
-3.753486
-1.874390
-10.542898
-0.468934
2.211605
-1.376245
4.764862
5.133289
-0.620082
3.740298
-1.314753
-0.579055
6.857603
-3.674500
-3.244826
-9.253811
0.842122
2.437127
-3.751059
2.243282
5.596564
0.839698
3.215405
-0.933551
1.736782
6.251478
-2.517202
-3.425598
-9.098800
0.814897
2.356884
-3.244320
2.505653
4.323956
-0.704192
2.145179
-1.665117
0.594465
7.166414
-2.812913
-2.986532
-9.264728
0.725966
2.473384
-1.470963
3.324710
3.529833
-1.638293
2.146828
-0.789591
0.556678
7.713868
-2.532900
-3.402564
-9.499707
1.505628
3.751301
-1.843859
4.162065
4.589362
-2.532279
2.958617
-1.834122
-0.322309
7.692595
-3.053588
-3.462752
-9.021794
1.727398
3.711192
-1.774856
3.458255
3.924196
-2.735440
2.119327
-2.105205
-0.010316
7.518031
-2.238019
-3.147172
-10.440781
0.880289
3.500885
-1.879784
4.524882
4.318167
-3.071952
3.020575
-2.508466
-1.317220
8.271770
-3.694625
-3.831053
-10.083055
1.467360
3.497375
-3.042605
3.089109
4.426451
-2.969106
2.174596
-3.652073
-1.019241
7.867748
-3.307036
-3.567529
-9.629622
2.940888
5.729403
-2.645702
4.206566
5.978799
-4.599333
5.025136
-2.826406
-0.482995
6.500715
-2.508783
-3.510971
-11.969482
2.647591
5.120185
-4.856419
2.974099
7.214412
-5.904074
7.151534
-3.736088
-0.148616
7.727986
-2.918806
-3.649547
-12.562695
1.618828
4.069585
-4.999312
2.517812
6.182498
-6.749956
6.713180
-3.892979
-0.613598
7.467182
-3.380187
-3.385833
-9.951290
2.725444
5.390940
-4.072381
3.005376
5.615350
-5.255367
5.408156
-2.823203
-0.201413
6.340240
-2.625950
-3.015947
-10.286149
2.300647
4.724882
-5.311891
1.901550
5.351432
-5.108761
4.934714
-3.257974
0.101201
6.860397
-2.524784
-3.121006
-9.210216
2.898101
5.245734
-4.585346
2.236426
5.382162
-4.639270
4.488295
-2.978535
0.308160
5.923586
-2.088831
-2.654321
-10.162764
2.000596
4.562775
-4.368152
2.665704
5.352574
-5.045550
5.008892
-2.983824
-0.120173
6.701355
-2.285455
-2.111979
-9.545414
1.903739
5.013394
-4.722919
2.493303
4.585492
-4.998985
4.366745
-2.774343
-0.286878
6.705461
-2.244886
-2.373443
