cough
ben
4
-5.832835
3.914473
4.098207
0.535891
2.610625
3.312869
-2.360340
-1.222762
-3.980799
-0.617088
2.520595
-1.014601
-2.652138
-5.794694
5.382430
5.060763
1.320641
3.435934
4.534279
-1.956268
-1.511908
-4.808585
-0.741049
2.711176
-1.364917
-3.581667
-5.981664
5.970639
5.156528
1.151657
3.649162
5.218585
-1.217346
-1.814875
-5.431105
-0.460981
3.588797
-1.415783
-4.306203
-6.797841
5.927472
6.555745
0.250716
3.827521
5.181109
-3.958261
0.715829
-4.770719
-0.701103
4.044416
-1.280170
-3.941790
-8.604151
6.119499
7.950809
-2.344709
3.756020
6.647628
-5.971834
3.672313
-5.000997
-0.589848
4.923621
-1.650264
-3.669905
-9.655764
4.755056
6.704423
-4.215270
2.666765
6.209649
-6.549551
5.120886
-4.493271
-0.531226
5.284768
-2.150221
-3.158588
-10.577045
3.169610
5.713722
-5.118899
2.399318
5.935127
-6.497124
5.645242
-4.149216
-0.459370
6.071881
-2.577066
-3.110549
-10.456102
0.859373
3.260569
-4.054901
2.442813
4.541150
-4.181712
4.488280
-2.840301
-0.608385
5.931838
-2.529828
-2.244551
-11.294187
-0.218914
1.995353
-4.026803
2.335174
4.232316
-3.633719
3.864866
-2.988138
-0.311630
6.438730
-2.856818
-3.007411
-11.597034
-1.916790
0.118319
-3.875354
1.997383
3.144112
-2.982278
3.023579
-2.776400
-0.982227
6.770306
-3.678365
-2.737170
-11.919698
-2.908176
-1.129769
-3.494996
1.764536
2.189479
-2.482036
2.043104
-2.658797
-1.099675
6.994334
-3.709164
-2.740736
-11.586734
-3.002463
-1.415313
-3.512924
1.512368
1.935993
-1.665376
1.527936
-2.176982
-0.327816
6.972795
-3.352116
-2.778630
-11.270220
-3.160341
-1.123046
-4.124545
1.155878
1.620613
-2.426136
1.969552
-1.863055
-0.647778
6.443146
-3.029013
-1.735624
-10.055277
-0.056045
1.756405
-4.161128
1.463443
3.376630
-3.244207
2.773174
-2.630467
-0.155997
6.113119
-2.796367
-2.895159
-9.942118
2.741402
5.336991
-4.569551
2.217351
4.991700
-6.120348
5.272753
-3.238446
-0.321699
5.456328
-2.243825
-2.764179
-10.647230
4.543379
7.373226
-5.832566
2.324671
7.126792
-7.870200
7.423787
-4.396239
-0.014735
5.506268
-1.724575
-2.617610
-9.189821
4.319934
6.807396
-4.511058
2.297833
6.060755
-6.933591
6.116805
-3.725876
-0.198598
4.640150
-1.765555
-2.698895
-10.093180
6.137583
8.885965
-5.146838
2.987044
7.931619
-8.185247
7.775368
-4.404779
0.216885
5.465213
-1.500024
-3.165337
-10.378431
5.343337
8.007250
-5.638833
2.302064
7.091229
-8.610680
7.591540
-4.267002
0.120261
5.620210
-1.727770
-3.162933
-11.612066
2.871635
5.128701
-5.555847
1.801521
6.303393
-7.480657
6.950301
-4.148388
-0.154191
6.165196
-2.384120
-3.006720
-11.091093
2.011421
4.769067
-4.152627
2.852973
5.592523
-6.028098
6.215674
-3.135934
-0.639574
6.386998
-2.745763
-3.191669
-11.905401
1.770895
4.188264
-5.776834
1.777442
5.358808
-6.684672
5.595482
-4.109137
-0.679463
7.035340
-3.427732
-3.638885
-10.559909
1.657705
4.283860
-5.035043
2.160142
4.974657
-5.679832
4.824824
-3.789394
-0.956656
6.328200
-3.010485
-2.810299
-10.791105
1.002381
2.842780
-4.531262
1.859249
4.888654
-4.099143
3.929530
-3.696898
-0.508986
6.448393
-2.897831
-2.806123
-11.244624
0.160365
2.232406
-4.569146
1.554936
3.517204
-4.128989
3.179414
-2.720844
-0.008908
7.428725
-2.786973
-3.170453
-10.108266
0.365063
2.264233
-3.561010
2.207249
4.325330
-2.687792
3.670709
-2.265105
-0.027878
5.978756
-2.945592
-2.678160
-10.591470
-0.140077
2.256760
-4.139987
2.366199
4.140238
-3.053365
3.754801
-2.393795
-0.461928
6.655856
-3.280427
-2.818847
-10.545647
-0.285833
1.473379
-4.255130
1.907198
3.927046
-2.156018
2.489603
-2.970049
-0.666513
6.658418
-3.870191
-3.268235
-11.273096
0.150276
2.227023
-4.225672
2.418410
4.568568
-3.324439
3.203862
-3.684469
-0.979092
6.906619
-3.669610
-3.505988
-10.969901
0.060418
2.461934
-4.946597
2.068061
4.553862
-3.763191
3.818181
-3.574520
-1.000646
6.803033
-3.454448
-2.714106
-10.534823
-0.605907
1.781921
-4.154687
2.093273
3.611783
-2.862577
2.737428
-2.741932
-0.675278
6.161851
-2.996134
-2.299785
-11.516250
-1.076875
1.232433
-2.753593
3.232031
3.836529
-2.449475
2.615994
-2.753859
-0.986878
7.613576
-3.618832
-3.202855
