Share
Lyn
1
-14.330532
-5.248705
-4.240856
5.195172
6.427752
1.666095
-0.292466
1.306911
-1.544508
-3.644974
7.425318
-4.132795
-2.743198
-14.431057
-7.446687
-6.510462
6.245189
6.495687
-0.459298
0.507069
-0.000482
-0.668036
-3.798992
7.995728
-4.032718
-2.183810
-14.070232
-8.234134
-8.825188
7.526527
5.756377
-1.311517
3.185143
-3.048348
-0.816530
-4.008958
7.886560
-4.684960
-3.084621
-13.381489
-6.615451
-6.305437
4.982770
5.429360
0.819855
2.645581
-0.509534
-0.628902
-2.420689
7.360125
-3.865116
-2.876639
-13.372927
-3.820108
-3.933974
3.863198
5.175902
2.963544
2.631353
-0.515474
-2.038393
-1.672557
7.503245
-3.556418
-3.874896
-10.701746
-0.633160
0.395556
1.952924
5.434604
5.544476
2.045910
1.692930
-2.233410
-0.240552
5.633868
-1.321861
-2.709606
-9.525888
0.131362
0.317432
1.201326
4.435893
5.712800
3.229367
0.860489
-2.323170
0.377501
5.402968
-1.534223
-3.156545
-9.395523
-0.795137
-0.429779
1.779002
4.340343
5.193383
3.878223
0.486334
-1.636631
0.418012
4.954072
-1.483182
-2.653398
-9.236898
-0.856854
-0.540676
1.769734
4.344227
5.331610
4.219066
0.596139
-1.550638
0.432304
4.453469
-1.589384
-2.604422
-8.971539
-0.620853
-0.406973
1.542604
4.145302
5.559116
4.454808
0.366802
-1.967845
0.340251
3.995754
-1.561148
-2.486078
-8.796963
-0.312053
-0.103375
0.798400
3.816958
6.064881
4.612247
0.796787
-2.306246
0.553790
3.387698
-1.023551
-1.808052
-8.487343
-0.292478
0.067264
0.831870
3.800455
6.029160
4.420213
0.796155
-2.075319
0.574299
3.202710
-1.020412
-1.903190
-8.413004
-0.271898
0.094823
-0.154031
3.155011
6.389235
4.695997
1.278727
-2.215589
0.521533
2.067463
-1.410269
-1.991171
-7.981409
1.202800
1.593928
-1.186084
2.862664
6.954554
3.601880
1.719992
-2.695972
0.853777
2.163719
-1.104255
-2.019281
-8.269809
3.207489
4.357756
-2.132741
3.694667
8.604650
1.833551
3.866986
-3.442064
0.888802
2.036933
-0.758099
-1.949509
-9.007391
1.922239
3.762832
-2.660946
3.639287
7.178103
0.016110
4.112546
-3.311297
0.006017
3.416368
-1.651702
-1.938514
-10.340819
1.115951
2.393182
-4.552225
2.272110
7.558821
0.851747
3.420993
-3.860352
0.214660
4.633757
-3.152951
-3.276238
-9.953824
-0.214739
0.995193
-5.170854
1.553864
6.206069
1.748297
2.005705
-3.898440
-0.250766
4.984917
-3.296533
-2.204237
-9.601166
0.166716
1.298033
-3.502703
2.340865
5.349572
0.683497
1.294659
-4.226023
-0.737861
5.509960
-2.800951
-2.313608
-9.317129
-0.636993
-0.027736
-2.822711
1.509345
3.195624
-0.079117
0.632677
-3.158358
-0.557754
5.182584
-2.549117
-2.129552
-11.094847
0.051764
2.096418
-4.109364
2.425237
4.787965
-3.270990
3.116221
-4.394166
-1.629025
6.136501
-3.753560
-3.457127
-13.643892
-1.724807
0.445863
-4.412040
2.312175
3.844190
-4.739613
3.318693
-4.464242
-1.407858
8.682201
-3.619131
-3.099602
-10.591308
-0.702343
1.323418
-4.618355
1.571230
3.366130
-3.176211
1.695402
-4.081895
-1.420104
6.380899
-3.234184
-2.505139
-12.344307
-1.315128
1.697648
-3.976754
2.253285
2.698484
-6.411377
3.957272
-3.220840
-2.008988
6.961815
-3.271137
-2.124862
-12.492222
-1.611914
1.040104
-4.425578
2.306096
2.961029
-4.924375
2.627596
-3.965668
-1.720949
8.122152
-3.334300
-2.500935
-11.629890
-2.028225
0.456242
-5.074259
1.610626
2.780727
-3.503515
1.941255
-3.808409
-1.545216
6.796294
-3.660715
-2.313757
-11.869636
-0.435131
2.124808
-5.941604
1.201900
3.210041
-5.548093
3.373807
-3.580480
-0.886710
7.806878
-3.347110
-2.809988
-11.370035
0.081565
3.036831
-6.199937
1.181181
3.415599
-5.431072
2.987399
-3.568613
-0.231126
7.743188
-2.521137
-2.497895
-11.171273
-0.199664
2.503284
-6.204077
1.249141
3.540273
-5.031761
3.366861
-3.678139
-1.107333
6.702863
-3.526530
-2.569640
-11.283415
-0.302895
2.626429
-5.324805
1.924747
3.549201
-5.412813
3.596639
-3.705913
-1.503749
7.225456
-3.362978
-2.241399
-11.254097
-0.168666
2.722155
-5.563271
1.827493
3.883038
-4.801812
3.547993
-3.850158
-1.477372
7.034705
-3.200941
-1.718478
-11.146392
-0.087930
3.381499
-5.461343
1.714947
3.290845
-5.838586
3.238765
-3.482758
-1.231266
6.680321
-2.569450
-1.735713
