Sky
YUyu
5
-10.520228
-0.108587
1.397669
-2.396005
2.251695
3.615406
-3.035417
3.474905
-2.047254
-0.003132
6.014655
-2.128043
-2.505976
-10.418494
0.018340
1.546113
-2.999486
1.904515
3.600219
-2.836887
3.133747
-2.286643
0.090871
6.189213
-2.592054
-2.982239
-8.673513
1.136836
2.110225
-3.894398
0.468182
3.215759
-2.369667
2.218496
-2.049774
1.131819
4.516516
-1.183342
-2.085448
-8.701119
1.616015
2.374234
-3.749893
0.617612
3.485119
-2.198177
1.364721
-2.986482
1.005837
4.430539
-1.653454
-2.464958
-8.026446
1.340373
2.339241
-3.379335
1.139467
3.507765
-1.723402
0.985172
-2.918308
0.340842
4.855462
-1.926220
-2.528517
-7.725150
0.769944
1.259919
-1.416742
1.349187
2.743233
-0.816575
0.772432
-1.440749
1.251422
4.602238
-0.676031
-1.952792
-7.318325
1.919496
2.150674
-2.195831
1.185753
4.094297
-0.008760
0.746251
-2.058391
1.882515
4.775917
-0.386834
-1.966669
-6.630159
2.873794
2.817814
-2.408048
0.961537
4.167972
-0.174250
-0.097731
-2.917240
1.535588
4.525485
-0.713345
-2.531139
-7.406990
2.139610
2.425230
-2.797394
0.981295
4.241409
-0.536367
0.649341
-2.964504
1.281136
4.578460
-0.934296
-2.405753
-8.256064
1.951514
2.486854
-3.310822
1.275939
5.082795
-0.424913
1.423513
-3.083213
1.133273
4.758569
-1.708385
-2.887933
-9.160482
2.176018
2.911340
-3.520222
1.608116
5.513918
-1.391907
2.478672
-3.010188
1.270569
5.544943
-1.625699
-3.110957
-9.818505
2.086016
3.331293
-4.293726
1.865798
6.534433
-1.601198
4.176685
-2.964843
1.208292
5.101955
-2.004620
-2.986005
-10.388593
1.345273
3.078605
-4.006225
2.004674
5.412380
-3.503610
5.168396
-2.270482
0.529589
5.514687
-2.556145
-2.918527
-11.497138
0.685075
2.481168
-3.444638
2.649403
5.698538
-3.138396
5.200499
-2.443300
0.282911
6.301516
-2.823986
-3.292702
-10.722379
1.969030
3.985544
-4.013712
2.497469
6.124842
-4.121223
5.520069
-3.176007
-0.254035
5.570744
-2.998725
-3.451061
-11.864384
1.313438
3.057954
-4.823157
1.774123
5.607479
-5.106955
5.781242
-3.373852
-0.222533
6.427094
-3.356713
-3.508414
-12.168670
1.363910
3.555558
-5.549383
1.698494
5.759880
-5.881211
6.059317
-3.661727
-0.060679
6.902687
-2.887912
-3.312657
-11.716576
1.719846
3.945644
-5.005071
1.904810
5.540525
-6.395367
6.381349
-3.422648
-0.170830
6.410997
-2.761231
-3.171219
-11.800194
1.054794
3.036651
-4.898657
1.605175
4.889334
-5.933523
5.818223
-3.224324
-0.361070
6.496346
-3.290340
-3.274126
-11.268420
2.385180
4.946267
-4.735344
2.516691
5.909679
-6.154697
6.291767
-3.380629
-0.462588
6.150677
-2.947734
-3.187103
-10.557666
1.361658
3.663120
-5.151055
1.539809
4.785895
-4.857149
5.123949
-2.941846
-0.471903
5.192291
-3.159891
-2.809748
-11.541656
1.086127
3.801742
-4.054088
2.937620
5.222699
-5.804134
5.598777
-3.544371
-1.294655
6.375446
-3.162062
-2.883994
-11.388867
-0.612252
1.270895
-4.741128
1.546121
3.851621
-3.681834
3.296166
-3.537878
-0.855485
6.572922
-3.411053
-2.892124
-10.962979
-0.670072
1.218338
-4.548346
1.641518
3.914202
-2.741764
3.133941
-3.237868
-0.765948
6.525136
-3.333669
-2.735076
-11.020162
-1.178751
0.912642
-4.403504
1.752884
3.412223
-2.610003
2.675492
-2.808895
-0.635501
6.772676
-3.352534
-2.652977
-9.879936
-0.147179
1.507806
-4.932574
0.905450
3.295758
-2.861323
2.612196
-2.674233
0.018505
5.999401
-2.791505
-2.412783
-10.322117
0.275318
2.222838
-5.905417
0.859960
3.988744
-3.159651
3.219650
-3.155809
0.047085
5.955921
-2.974773
-2.533614
-11.260346
-0.252190
2.203393
-5.665501
1.396778
3.724383
-4.702027
3.641591
-3.449867
-0.844053
6.827465
-3.589885
-2.798675
-9.875382
0.708324
2.805778
-5.457920
1.144482
3.897946
-3.569735
3.021886
-3.312813
-0.580934
5.528641
-3.343774
-2.872910
-10.517798
0.289290
2.411094
-4.360389
1.690094
3.581801
-4.346202
3.678533
-2.658977
-0.478193
6.085277
-3.115701
-2.916227
-10.974853
-0.474336
1.735569
-3.986594
2.072582
3.443328
-3.679746
2.996886
-2.841328
-0.796978
6.827403
-3.250028
-2.721058
-9.891849
0.247825
2.284892
-4.795341
1.366710
3.237663
-3.201599
1.917373
-3.132584
-0.487826
6.198215
-2.830598
-2.542144
