off
ben
2
-7.605675
3.505173
4.000375
5.667328
6.890260
3.393754
-2.916364
0.013962
-2.983611
-2.491724
3.335150
-2.526369
-3.984918
-7.712920
3.784616
3.877904
5.081774
6.940782
4.300833
-1.784288
-0.596963
-4.094445
-2.168530
3.745779
-2.505791
-4.453096
-8.076845
3.831960
3.884869
4.895388
7.210625
4.983669
-1.118642
-1.051993
-5.177027
-2.252029
3.794452
-2.330010
-4.623632
-7.210927
3.619329
4.336166
2.325514
5.287486
4.356417
-2.063529
-0.575530
-4.940217
-1.894200
3.143185
-1.797998
-3.710548
-7.449750
2.592474
4.488280
-3.240746
2.085938
4.341726
-3.496177
2.259482
-3.783329
-0.737318
3.707450
-1.652548
-1.975597
-10.638849
3.062795
5.455211
-4.166428
2.766314
6.358141
-6.036957
6.097780
-3.988693
-0.645324
5.533506
-2.004658
-2.786625
-11.681771
1.690020
3.947111
-3.818737
2.881888
5.998257
-5.949442
6.421266
-3.764007
-0.939075
6.420084
-3.028894
-3.175541
-14.675107
-0.503357
1.819385
-3.799840
3.278224
5.504922
-6.306898
6.086286
-4.248688
-1.544489
8.950589
-3.861965
-3.695822
-13.084457
-1.795087
0.202070
-3.781273
2.310361
3.278933
-4.220242
3.348899
-3.412839
-1.195569
8.586693
-4.018939
-3.631041
-12.116923
-2.093670
0.012102
-4.088376
1.883150
2.943928
-3.590658
2.782928
-3.405164
-1.301672
7.404158
-3.296038
-2.305703
-11.311810
-2.844380
-1.187173
-2.722655
2.060135
1.611414
-2.039342
1.463167
-1.950906
-0.854354
7.491194
-3.413401
-2.533387
-11.033000
-3.186003
-1.627018
-2.923975
1.540340
1.198045
-1.589233
0.871473
-1.867347
-0.803123
7.067797
-3.371749
-2.583301
-9.305995
-2.917265
-2.199145
-1.923917
0.869663
0.242827
-0.625418
-0.381766
-1.150074
-0.219502
5.464079
-2.483948
-2.080611
-8.773538
-2.428431
-1.898069
-1.072482
1.160758
0.641396
-0.474268
-0.273488
-1.448549
-0.484745
4.863724
-2.022558
-1.741655
-10.947091
-2.433946
-0.806394
-1.875092
1.967393
1.424343
-3.003946
2.491898
-1.296672
-0.897074
6.328181
-2.876045
-2.034220
-10.186031
0.557138
2.598360
-2.920992
2.776471
3.915181
-3.649216
3.266187
-2.697614
-0.451250
6.419016
-2.158293
-2.281477
-10.214976
0.678445
2.635003
-3.858164
1.994626
4.591553
-3.734583
3.789757
-3.471165
-0.660737
5.309412
-2.268766
-1.686109
-11.766925
2.393273
4.609714
-5.363815
2.081833
6.285814
-6.514009
6.491644
-4.135357
-0.558317
6.778812
-3.074818
-3.323382
-11.970922
1.262075
2.888685
-3.763604
2.173268
5.252092
-6.070876
5.277537
-3.942051
-1.088885
6.019596
-3.536045
-3.446884
-11.201949
1.547390
4.254489
-4.615099
2.607738
5.301505
-6.203978
5.136207
-4.123065
-1.047559
6.800162
-3.112280
-2.776002
-11.045529
1.562684
3.651704
-4.184667
2.458032
5.161576
-5.551424
3.934304
-4.674128
-1.067756
6.877567
-3.055259
-3.074703
-12.022332
-0.339228
1.223167
-4.959067
1.387881
4.070976
-3.851858
2.922012
-4.166851
-0.821017
7.477888
-3.597828
-3.296930
-11.496536
0.590635
2.392210
-4.602289
1.664548
4.621224
-5.127132
4.559170
-3.254176
-0.030719
6.980181
-3.091070
-3.074980
-12.521678
1.326048
3.873586
-5.859275
1.900603
5.331425
-6.635807
5.284263
-4.044635
-0.134759
8.355236
-3.156267
-3.249950
-10.944036
0.933289
2.879462
-4.717390
1.627517
3.963129
-5.113140
3.780236
-2.982972
-0.117640
6.669419
-3.114707
-3.155174
-9.759613
-0.100590
1.479311
-4.191395
1.211008
3.201446
-2.497938
2.807773
-1.734579
0.640886
5.942083
-2.904497
-2.668076
-11.187809
0.183483
2.565779
-5.086524
1.750495
4.502313
-3.856459
4.302512
-2.688623
0.247675
6.768133
-3.395761
-2.943325
-11.115730
-0.019300
2.195052
-5.210186
1.630002
4.275671
-3.753123
3.399703
-3.376441
-0.033661
7.711077
-2.863946
-2.576327
-10.398889
0.022416
2.279807
-5.975571
1.058187
3.848584
-2.605732
3.356423
-2.073638
0.839324
7.041899
-2.914550
-2.591893
-9.747683
-0.526328
1.589453
-5.426954
0.435005
2.228865
-3.211797
2.359214
-1.744693
0.656984
6.224588
-2.154708
-1.872731
-10.414534
-0.579696
1.202063
-4.815700
0.732890
1.978084
-3.031100
1.555568
-1.742609
0.909993
7.013538
-2.684685
-2.977468
-10.902560
-1.162775
1.232223
-5.692964
1.158136
2.901834
-3.271374
2.797256
-2.354781
-0.138129
6.745209
-3.399321
-2.282562
