Thank
Briggs
0
-7.925756
0.882277
2.005809
-2.905275
1.001223
3.580669
-1.098869
2.733847
-1.493868
0.790671
3.358536
-0.948854
-1.320086
-8.604795
0.876392
2.152315
-3.998047
0.877640
3.970919
-1.604299
3.194760
-1.878748
0.813125
4.047526
-1.763998
-1.883864
-9.247490
-0.928325
-0.131202
-3.683887
0.634888
3.929591
1.178044
2.443256
-1.847443
1.007194
3.296360
-2.168183
-1.570515
-9.067019
-0.719824
0.220185
-3.053325
0.938975
4.352720
1.266204
3.037465
-0.927242
1.497288
2.924122
-1.343392
-1.030904
-9.898536
-2.291094
-1.446590
-1.700026
1.509439
4.227629
2.610839
2.659418
-0.442022
1.009557
2.533953
-2.105296
-1.402538
-10.843433
-2.825278
-1.774294
-1.249207
2.044215
4.791833
3.162155
2.542461
-0.963769
0.163908
2.034517
-2.343601
-1.104386
-10.645866
-0.896790
0.845947
-2.400202
2.052771
5.229125
0.450994
4.026161
-1.218882
0.145552
2.507699
-2.339971
-1.609299
-10.166496
-0.240928
1.888311
-1.738036
3.038727
5.060089
-0.270424
3.856748
-1.340102
-0.448673
3.334941
-2.862874
-1.910022
-10.440270
-0.156148
1.616777
-2.071020
2.965070
4.774626
-0.801652
2.898061
-2.182804
-0.525223
5.177912
-3.418409
-3.527894
-11.140396
-0.598252
1.636408
-2.405146
2.995646
4.658632
-1.304783
2.868504
-2.553687
-0.885307
5.097907
-3.130485
-2.604237
-9.745716
0.253917
1.338284
-4.478977
0.657091
3.543540
-2.121156
3.106678
-2.408117
-0.064386
4.014477
-2.484615
-1.878385
-10.187574
-0.747546
1.395282
-4.148978
1.783226
3.881628
-1.992257
3.331020
-2.380989
-0.537915
4.675048
-3.681318
-2.933372
-11.454278
-2.703234
-1.030810
-4.133586
1.116323
2.288599
-1.207827
2.242190
-1.646228
-0.236669
5.924893
-3.987915
-2.648053
-9.149101
-1.126403
-0.381657
-3.853448
0.264280
2.616296
-0.085134
1.850948
-1.553215
0.647281
3.531165
-2.858636
-2.342359
-10.352813
-2.892309
-1.407605
-3.591066
0.922380
2.121191
0.072655
2.532746
-0.860637
0.146775
4.016073
-3.615811
-1.950558
-11.391712
-2.684816
-0.698107
-4.941982
0.968118
2.869729
-0.953404
3.161821
-1.789583
0.275715
5.157990
-3.840001
-2.431454
-9.342583
-0.510393
0.670796
-4.600080
0.073218
3.139262
-0.701322
2.770221
-1.288315
1.562149
3.703307
-2.071693
-1.781599
-8.682864
1.535109
2.959814
-5.163676
0.482253
4.222751
-1.485203
3.107339
-1.919439
1.424213
4.090683
-2.169657
-2.662774
-8.411758
0.550472
1.940862
-3.847358
0.987661
3.364318
-1.588533
2.967407
-1.601568
0.484610
4.150182
-1.796360
-1.537407
-9.948334
-0.814268
1.061012
-3.666134
1.586062
3.038464
-2.163604
2.950308
-1.541741
0.234776
5.877567
-2.472231
-1.908344
-11.043861
-1.033929
0.895203
-4.799204
1.367101
4.010036
-2.059497
3.290333
-2.242017
0.380417
6.392750
-2.793528
-2.352154
-10.802677
-1.069843
0.851694
-4.701995
1.289487
3.700339
-1.848456
2.492422
-2.550082
0.083034
6.063704
-2.893668
-2.507472
-11.171992
-2.124176
0.140249
-2.839516
2.451339
3.621565
-1.368099
3.256456
-1.483679
-0.574690
5.841426
-3.374938
-2.224324
-11.956022
-1.877374
0.307266
-3.404327
2.642931
4.737951
-1.294565
3.220020
-3.525214
-1.713314
5.428239
-3.649061
-2.014182
-10.232429
1.141520
3.497894
-5.323952
1.474303
4.716442
-3.151695
3.488269
-3.275201
-0.149572
5.489305
-2.673027
-2.550561
-10.246652
1.067610
3.467153
-4.852876
2.183631
4.886178
-3.958740
3.772183
-3.573509
-0.663493
6.121227
-3.121145
-2.750769
-10.568280
1.618685
4.410148
-5.380488
1.590108
3.988458
-6.050073
2.962296
-3.915341
-0.401172
6.806836
-2.305739
-2.737287
-10.772984
-0.623544
1.772397
-6.021185
0.422139
2.166073
-4.551365
1.565118
-3.321038
-0.657263
6.448670
-2.718515
-2.444527
-10.835704
-0.190613
2.670538
-6.238224
0.499625
1.979711
-5.991847
2.487733
-2.759569
-0.438523
6.195209
-2.411082
-1.944223
-11.213692
-0.574828
2.138103
-5.570191
1.045507
2.242217
-5.484456
2.856297
-2.574638
-0.795211
6.808254
-3.067792
-2.277577
-9.737102
0.565811
1.935645
-5.624742
0.578780
3.891941
-2.561442
2.142843
-3.623044
0.116635
5.656480
-2.647134
-2.443996
-10.589836
-0.538072
1.939308
-4.010084
2.340913
3.538014
-3.090446
3.019311
-2.856188
-1.128800
5.747210
-3.972831
-2.897266
