All
Brooke
0
-5.642135
6.023826
6.128853
1.368616
2.819899
2.368682
-5.230907
-0.838706
-3.481690
-0.342285
2.923009
-1.079957
-5.306193
-6.142441
5.613672
6.217030
2.630316
3.392030
1.590869
-6.252898
-1.219816
-2.788746
-0.363561
3.594769
-0.867052
-5.188909
-6.223889
5.698627
6.644614
2.987749
4.059701
1.727854
-6.383251
0.020377
-2.064923
-0.842915
2.244714
-1.878530
-5.289820
-6.870519
6.206886
6.777181
3.957828
4.603970
2.225416
-6.588320
-0.466642
-2.563410
-1.079667
4.102181
-2.145085
-6.242769
-6.212691
6.055220
7.168964
3.778438
4.544310
2.442538
-6.882193
0.154652
-2.633718
-1.398828
2.927367
-1.691688
-5.130893
-6.675572
6.491440
8.016364
4.364943
4.660834
2.121883
-7.765567
0.215366
-1.784990
-1.483822
2.409202
-1.859283
-4.806152
-6.206028
7.063937
8.856699
2.943432
4.154277
2.515466
-8.412621
0.337537
-2.793566
-1.040015
2.463868
-0.809556
-4.462354
-5.436234
7.723486
8.879032
2.001914
3.541168
2.101271
-7.725010
1.042418
-2.235260
-0.616386
1.925525
-0.998869
-4.504715
-5.102583
7.711704
8.648970
1.324107
2.722815
2.514535
-7.525918
-0.186462
-2.320737
0.034053
1.902849
-1.015471
-3.987810
-5.620437
7.229461
9.309897
1.807736
4.091141
1.762881
-8.962776
1.822032
-1.445711
-0.301509
2.336169
0.119228
-3.812385
-4.708570
8.445754
11.443881
-1.427599
2.798563
3.308898
-9.455995
3.148481
-2.708794
-0.843671
0.369594
-0.654759
-3.274434
-6.512511
5.316562
7.043203
-7.709924
-0.377616
5.493558
-3.833579
3.549784
-3.478082
0.928123
2.555862
-2.213964
-3.040580
-10.717549
-0.297958
1.890318
-6.611815
0.768843
3.734535
-3.393535
1.115620
-5.256759
-2.062851
5.369404
-4.628062
-3.655356
-11.031601
-0.571366
1.309209
-5.339772
1.600394
4.146762
-1.890543
1.915161
-4.166902
-1.362986
7.460586
-4.366937
-3.630268
-11.565480
-1.184336
1.284267
-5.327699
2.316648
5.487349
-1.205771
3.495722
-4.817830
-2.066344
5.270113
-3.912590
-1.749818
-9.845574
0.260588
3.327639
-5.328001
2.173371
4.647969
-3.538055
4.456518
-2.943248
-0.811017
6.151205
-3.034187
-1.767294
-10.154348
0.638621
3.468828
-5.791043
1.958373
5.122478
-3.198460
4.353090
-2.979650
-0.182160
6.721993
-3.375709
-2.837198
-10.713907
0.177625
2.727255
-6.385869
1.466555
4.996258
-3.134293
4.319598
-3.475213
-0.819714
6.174432
-4.166514
-2.880831
-11.307248
-0.590086
1.806687
-5.147762
1.857362
4.065826
-3.067055
3.967221
-2.500697
-0.705440
7.408247
-4.193676
-2.910644
-10.928180
-0.682943
2.170562
-5.808215
1.777813
4.774634
-2.978950
4.589115
-3.228085
-1.222231
5.655013
-3.839445
-2.062739
-11.244743
-1.028651
1.441186
-5.590602
1.593843
3.764657
-3.430947
2.530571
-4.326830
-1.623404
6.870587
-3.505369
-2.169541
-12.098652
-1.320898
1.189300
-4.979682
2.145451
3.819821
-4.299847
3.501842
-3.738686
-1.710636
7.357696
-4.415348
-2.995585
-11.255899
-0.598991
2.086652
-5.424781
1.926742
4.217015
-3.977476
4.087967
-3.436695
-1.326473
6.769366
-4.079170
-2.791137
-11.834832
-0.755475
1.856815
-4.061512
3.001190
4.385771
-3.578727
2.787603
-4.523323
-2.124842
7.635911
-4.280282
-3.810721
-10.489917
-0.036308
2.771560
-6.335140
1.424626
4.360502
-4.296732
3.847951
-4.164856
-1.457434
5.624693
-3.464357
-1.823783
-12.077317
-2.049327
0.579228
-6.230741
1.055493
3.468263
-3.832259
4.043906
-3.304352
-1.162684
6.356207
-3.926095
-2.016474
-10.832503
0.183387
3.007622
-4.614897
2.530052
4.002282
-4.963764
4.276311
-2.866919
-1.302734
7.019544
-4.029340
-2.885122
-10.989093
-0.277494
2.779790
-5.745776
1.524721
3.465661
-5.150243
3.557375
-3.893170
-2.126628
5.531754
-4.297821
-2.689832
-9.667397
1.099158
3.653748
-7.749127
0.314345
4.487518
-4.207640
3.567427
-4.283601
-0.810820
5.121917
-3.396439
-2.455188
-9.383221
0.709962
3.758849
-6.232157
1.131425
3.421282
-5.065661
3.749727
-2.928036
-0.771440
5.580546
-2.748103
-1.615721
-9.188709
2.030406
4.884289
-4.133037
3.647687
5.611475
-3.413531
3.101756
-4.137630
-1.081522
6.793419
-2.832100
-2.378854
-9.871219
1.500260
4.061333
-5.141938
2.118874
3.897382
-5.058913
2.137593
-4.144269
-1.079655
7.240672
-3.549904
-3.624824
