Thank
Lyn
1
-9.627092
1.735206
2.847605
-1.046278
3.749345
6.817977
1.592056
2.382387
-2.530092
0.285175
4.216649
-3.158742
-3.547775
-8.623581
-0.052720
0.093194
1.276656
3.892310
5.612026
4.259694
0.305097
-1.707543
0.578843
3.774148
-1.944952
-2.617885
-8.936836
-1.290390
-1.788993
2.359345
3.923021
4.567435
4.936541
-0.819407
-2.075850
-0.231711
3.405718
-2.112761
-2.530017
-9.639027
-1.957329
-2.323862
3.690364
5.156735
4.089581
4.503016
-0.917429
-2.358874
-1.120511
4.489487
-2.606848
-3.197249
-11.169964
-3.462879
-3.619601
4.983902
6.249357
3.580774
4.541500
-1.465603
-2.804772
-2.099616
5.478007
-2.857285
-2.823573
-13.683823
-4.871986
-4.234908
5.560545
7.429611
2.665828
3.046400
-1.796906
-3.360698
-2.438692
8.199015
-2.906929
-3.194891
-11.445871
-0.198189
-0.000141
0.341016
4.037126
3.574319
-0.117093
-0.449141
-3.520143
-0.112006
9.268981
-2.183951
-4.045670
-10.047958
3.615398
3.757280
-3.993093
1.601846
6.156069
-2.706300
2.501759
-4.834278
0.082847
6.946315
-3.008103
-5.012878
-11.132421
1.307741
2.456623
-3.648604
2.714757
6.429874
-1.656596
3.104922
-4.837775
-0.459585
6.282649
-2.992336
-3.566465
-10.027939
1.878085
4.034866
-5.301518
1.327492
4.616925
-4.839698
4.060095
-3.291332
0.101163
6.509528
-2.059216
-2.284494
-11.201758
0.909562
3.188422
-5.866151
1.215856
4.970644
-5.427921
5.321856
-3.704618
-0.322617
6.274681
-2.428946
-2.154521
-11.589638
0.226596
1.091494
-5.308911
0.964645
5.684505
-2.293612
3.791233
-4.414577
-0.411681
5.207746
-3.455761
-2.575201
-9.170336
-1.559104
-1.396101
-4.714950
-0.333105
3.507533
1.943143
0.714638
-2.919869
0.135071
3.198380
-2.962656
-1.771802
-9.756563
-2.776752
-1.437078
-3.577338
0.822008
2.705059
1.021557
1.689273
-1.841099
-0.985902
2.844208
-3.709239
-1.228276
-10.136866
-1.883315
-0.984454
-4.195199
0.534091
4.125711
2.286018
2.119591
-1.852706
0.417850
2.949090
-3.967927
-2.141161
-9.939495
-0.712621
0.402071
-5.358838
0.344337
5.088882
1.554256
3.413159
-1.845854
0.909756
2.742892
-3.645971
-1.721201
-10.268301
0.216751
2.439178
-5.569276
1.253322
5.124220
-1.196931
4.307501
-2.083150
0.307845
4.454847
-3.924864
-2.581995
-10.845373
-0.363822
2.555049
-5.592912
1.664337
4.413392
-3.275269
4.471123
-2.512337
-0.430080
5.674799
-3.616351
-2.385692
-11.979276
-1.089128
1.253738
-4.369523
2.420859
3.916448
-3.569894
3.022356
-3.613575
-1.977342
7.284146
-5.075308
-3.876900
-12.585921
-1.913951
0.424586
-3.793829
2.683134
3.558807
-2.754701
3.309820
-2.478342
-0.939813
8.826660
-4.403771
-3.479781
-13.192320
-2.035937
0.041267
-4.973043
2.184041
4.523518
-2.656085
3.702412
-3.720938
-1.078343
7.919527
-4.455123
-2.964801
-12.786917
-1.822670
0.058174
-3.961076
2.306645
3.440208
-2.567597
3.101176
-2.691153
-0.759374
8.433337
-4.556689
-3.800096
-12.480175
-1.176431
1.286267
-4.672896
2.193472
4.047960
-3.753392
4.367357
-2.812286
-0.830881
7.910616
-3.866013
-2.677341
-11.167950
-1.914345
0.054928
-3.596349
1.980289
2.972554
-2.074388
2.194205
-2.683151
-0.831914
7.039339
-3.541085
-2.537424
-11.182493
-1.326877
0.181019
-4.738225
1.141330
3.659640
-2.174002
2.864588
-2.827212
-0.159231
6.644642
-3.193565
-2.312107
-10.637819
-0.765866
1.039785
-4.742898
1.517970
4.099383
-1.509013
3.250263
-2.306620
0.059561
6.643801
-3.538888
-2.896194
-11.448259
-1.708596
-0.474849
-4.085465
1.299303
2.833060
-1.875525
1.859715
-2.472433
-0.405680
7.471961
-3.856622
-3.074127
-15.182236
-1.687943
-0.041253
-4.389063
2.185790
4.387064
-5.602414
5.034514
-3.563311
-0.776702
9.550632
-4.670604
-3.803807
-12.330738
-1.702032
-0.644670
-4.221162
1.581247
3.736995
-1.801861
2.390167
-3.211677
-0.583993
7.865817
-4.374883
-3.519644
-12.118132
-1.230650
0.599549
-4.637368
2.027933
4.676256
-2.439857
3.460202
-3.506341
-0.327345
7.854914
-3.259789
-2.579984
-12.409306
-1.278353
1.005866
-5.229146
1.999597
4.465653
-3.069209
4.094245
-3.126229
-0.688674
7.919418
-3.973520
-2.777441
-12.034082
-2.121130
0.170953
-6.052090
0.800048
3.021524
-2.825791
2.866485
-2.717345
-0.355652
7.104926
-3.539360
-2.241566
