Cat
Lynsey
0
-11.415812
-4.513499
-3.668141
2.248061
4.985306
2.194147
2.967915
-0.813663
-1.688772
-1.336682
7.960036
-3.010837
-2.524384
-12.874493
-4.246423
-3.356012
3.837991
6.853076
3.411047
3.635864
-1.128898
-2.732047
-1.395003
8.652341
-3.033919
-3.561588
-8.364947
1.584266
1.271022
1.667707
4.775695
6.448203
3.962750
-0.275735
-3.478751
-0.007360
4.663987
-1.798196
-3.735286
-7.214630
0.828859
-0.343427
1.284824
2.923462
4.661993
4.066412
-2.249197
-3.507206
-0.381195
2.866068
-2.604057
-3.656716
-6.441524
1.680285
0.634485
-0.243139
1.627803
4.041994
2.151003
-1.815755
-4.090911
-0.613398
0.748688
-2.531476
-4.234236
-5.522196
2.001792
-0.343536
-1.727688
-0.510549
3.054634
2.370443
-3.186646
-4.022115
0.587264
1.124906
-1.763230
-3.750927
-5.103174
3.766938
1.562423
-3.032431
-1.101455
3.594146
0.973181
-2.864312
-4.644347
1.146443
1.410035
-1.235089
-4.227056
-4.939744
3.502650
1.909657
-2.534518
-0.602545
3.092458
0.287983
-2.019795
-3.648355
1.177564
2.229802
-1.112544
-3.634238
-5.337972
5.126033
5.206845
-2.070671
1.984626
5.841959
-0.584088
1.365817
-3.234800
0.687216
1.323485
-2.301861
-4.673516
-9.826401
-0.630988
1.675929
-2.273079
3.248917
3.894751
-1.781635
3.203908
-1.917580
-1.010320
6.410303
-2.907933
-1.779941
-11.076013
-1.696242
0.429712
-5.908236
1.067783
3.668572
-1.843691
2.355420
-3.683886
-0.996017
5.816552
-4.373652
-3.079404
-10.863719
-1.294158
0.411273
-5.755727
0.673121
2.650789
-2.120982
1.654701
-2.743852
-0.182322
6.813227
-4.231522
-3.483204
-8.113659
0.337994
2.457850
-1.356318
3.742739
4.206925
-0.781848
2.271311
-2.119483
-0.996837
4.883925
-2.631652
-2.180808
-9.925551
-2.032529
0.561927
-0.633914
3.829323
2.625021
-0.769688
2.670946
-0.488319
-1.479347
6.148870
-3.309987
-1.728965
-8.940233
-1.629139
0.996295
-1.586028
2.849911
2.313519
-0.989234
2.786417
-0.404099
-1.614561
3.841459
-4.183222
-2.427261
-9.925380
-1.694506
0.734049
-2.218724
2.822734
2.191162
-2.140786
1.990366
-1.678618
-1.517130
6.354034
-3.573905
-2.147176
-11.326336
-1.196008
1.538666
-3.000380
2.625039
3.185968
-1.423845
3.889302
-0.152115
-0.071637
6.454602
-5.189502
-3.799123
-12.558680
-0.910177
0.778545
-2.652642
3.047036
3.130753
-3.148491
2.707659
-2.080240
-1.340169
9.641616
-5.199522
-4.342548
-10.491138
0.515672
3.320723
-4.831342
2.311391
3.848627
-5.106184
3.650801
-3.229535
-1.341800
6.912483
-4.025306
-3.336386
-11.136166
-1.764833
2.006393
-3.544295
2.657447
2.145993
-5.452702
4.352768
-1.432760
-1.279210
7.099930
-2.424969
-1.015339
-11.367346
-1.510769
1.742654
-3.069888
3.062348
2.213644
-5.550771
4.098764
-1.699536
-2.065428
7.046604
-3.869809
-2.235147
-11.062828
-1.225460
1.980631
-3.962312
2.682382
2.854127
-4.851511
4.464862
-1.567297
-1.119516
7.132097
-3.282304
-1.751728
-10.426135
0.095815
3.367631
-5.184892
1.665354
2.483922
-5.927123
3.887253
-1.666173
0.079726
7.155831
-2.509592
-2.263640
-10.732599
0.160487
2.663817
-6.409530
1.132825
3.888740
-4.429533
3.071424
-3.728134
-0.336715
7.226369
-3.145582
-2.601650
-10.155581
0.342479
3.041570
-6.118949
1.400563
4.144136
-4.022564
3.856996
-3.345558
-0.832523
6.425443
-3.378874
-2.375980
-11.819443
-1.488866
1.189088
-5.543606
1.390177
2.966534
-4.543295
2.520124
-4.037438
-1.710020
6.933288
-3.797925
-2.413913
-11.972001
-3.514699
-0.899780
-5.192039
1.391452
2.463873
-2.613960
2.766784
-3.436884
-2.180207
5.306788
-3.892861
-0.975356
-12.758278
-4.847971
-2.680919
-5.240276
1.119022
2.528072
-0.589272
2.864560
-2.984093
-1.640144
5.016993
-4.090920
-0.884608
-10.823217
-1.619866
1.501274
-5.121541
1.686447
2.769657
-4.415531
4.019707
-2.473121
-1.654336
5.593709
-3.817049
-1.902603
-11.636657
-1.686160
0.973885
-4.710332
2.324175
3.971136
-2.820284
2.637408
-4.262747
-2.275558
6.405422
-4.030252
-2.121198
-11.769969
-1.915808
0.653839
-4.067794
2.342368
2.799175
-3.827123
2.775760
-3.075022
-1.839666
7.475945
-4.226825
-2.687365
-12.009979
-1.921118
0.462766
-4.958015
1.877506
3.380823
-3.130801
2.455112
-3.723246
-1.061683
7.763276
-3.963647
-3.032213
