Cough
Briggs
0
-5.773322
2.009085
2.573202
0.742871
0.809912
-0.197377
-4.527784
-1.928628
-2.088180
-0.519952
1.230732
0.720849
-0.637824
-10.767379
-1.380537
-0.727199
2.297711
3.924564
-0.032726
-2.715126
-3.684440
-3.730470
-2.660309
8.050316
-3.352383
-4.016281
-9.433657
5.746138
7.896046
-0.987704
5.951705
7.004276
-5.773199
1.681166
-6.676336
-2.317665
6.013694
-3.708435
-5.017935
-5.567696
7.735899
8.431646
-0.448310
4.650206
7.717672
-2.324523
0.960576
-7.137766
-0.985327
1.187515
-0.544339
-2.825220
-6.223807
4.792379
6.147327
3.080712
6.313657
5.275793
-2.784046
1.056150
-4.944572
-2.476003
0.946834
-0.813372
-1.823963
-5.806621
4.606545
5.757251
2.420819
5.133963
5.001235
-2.205478
0.060727
-5.194985
-2.235940
0.097452
-0.493229
-1.206508
-4.906914
5.654150
7.115165
1.028999
3.638116
5.374941
-2.974133
0.001094
-5.435967
-1.648033
-1.042216
0.218382
-0.732824
-3.551726
7.485083
8.641956
-1.277327
1.705855
5.452611
-3.811759
0.952118
-4.927152
-0.526667
-1.882033
1.531744
0.787023
-3.520626
9.033428
9.247188
-3.020005
0.875157
6.089211
-3.631897
0.713404
-5.042198
0.487458
-1.401010
1.074217
0.303390
-7.873016
-1.896921
-2.290478
0.889509
2.253536
2.351017
3.093161
-0.533380
-1.051213
0.152754
4.602233
-1.685507
-1.840804
-13.104042
-1.004554
0.473847
-4.207530
2.315743
5.865045
-2.753172
3.808576
-5.311611
-1.559644
6.683290
-3.794459
-3.080018
-13.212377
-1.076386
1.240906
-3.643786
3.062171
4.428551
-5.264148
4.576137
-3.946425
-1.809180
8.333156
-4.184026
-3.218383
-13.195956
-3.803483
-1.479600
-4.926972
1.367662
2.538081
-2.821843
3.526693
-2.443123
-1.148598
6.944901
-4.572249
-2.997843
-8.963173
-2.035619
-0.910681
-3.083288
0.742978
1.326440
-1.347374
0.083105
-2.550680
-0.837085
4.544443
-2.234732
-1.572856
-12.447382
-1.352860
0.123940
-2.039722
2.774684
3.758803
-4.318535
4.145128
-3.162346
-1.333503
6.905165
-3.476000
-3.295078
-11.964063
-0.299338
2.092074
-3.824772
2.643295
4.399453
-4.941623
4.399782
-3.689111
-1.499040
7.392771
-3.693080
-3.280816
-12.031549
-0.647593
2.216294
-5.241295
1.435101
3.064019
-6.343483
3.390036
-3.638068
-0.555340
7.926353
-2.139900
-1.796538
-13.093987
-1.532743
0.257957
-2.835731
2.342481
3.601604
-5.575534
5.736392
-2.299379
-1.277350
6.721592
-3.805312
-2.824630
-9.777062
-0.310251
1.067939
-4.620268
0.682815
3.319239
-1.779827
3.311392
-1.399180
0.662330
5.459255
-3.021163
-2.176722
-10.991958
-0.705941
0.840917
-3.306856
2.232868
3.711411
-3.005889
1.908016
-4.260398
-1.301450
7.007190
-2.711760
-2.086165
-9.795432
-0.801508
2.034682
-3.589070
2.841338
3.740534
-2.363576
3.811110
-1.319998
-0.434092
6.368074
-3.456103
-2.217774
-9.509839
-1.218058
0.806454
-4.315183
1.676844
3.164260
-1.211009
1.500465
-2.634632
-0.041040
6.767332
-2.305637
-1.311049
-10.610888
-1.335713
1.090111
-4.228303
2.361927
3.840589
-1.911443
2.260642
-3.517469
-0.825484
7.002755
-2.710725
-1.261986
-10.243156
-0.522222
0.466715
-2.502592
2.186531
3.329001
-2.003377
0.876200
-3.737052
-0.560797
7.166715
-2.286227
-2.263819
-10.060179
0.641229
2.377183
-3.068464
2.564216
4.223022
-2.028194
0.821530
-4.543993
-0.536009
7.784890
-1.341483
-1.520642
-10.612136
0.062287
2.154271
-2.830717
3.229774
3.300473
-3.223572
0.908909
-3.587944
-1.161666
8.863117
-2.885637
-2.484083
-9.798283
0.187546
1.421554
-4.916139
0.781399
3.924742
-2.255929
2.011769
-3.478596
0.228070
6.165995
-1.885514
-1.653913
-12.466777
0.072793
2.529400
-5.584357
2.005678
4.579875
-5.665974
5.031824
-3.248556
-1.004527
7.565602
-4.532824
-3.423843
-11.109589
-0.603387
1.805815
-5.503546
1.519613
3.647054
-3.081909
3.308170
-2.891160
-0.883815
6.977763
-4.508681
-3.601380
-9.196546
0.675313
2.755690
-7.030506
0.222873
3.726684
-2.834944
1.834098
-3.653985
0.260928
6.313946
-2.487061
-2.249840
-9.964257
0.599905
3.691000
-5.209236
2.263097
4.448218
-3.847566
3.558129
-3.515642
-1.328177
6.228470
-4.015243
-3.551007
-11.468778
-0.375794
2.284113
-5.405724
1.878317
3.783411
-4.773833
3.286473
-4.034405
-1.559654
7.523478
-3.612281
-2.636255
