Cute
Yuyu
3
-11.109821
-5.340255
-6.406478
0.968857
2.100674
1.197410
4.549499
-2.861686
-2.745512
-0.533252
5.798717
-2.485608
-2.211358
-13.290681
-4.767873
-4.186712
-0.102181
3.855344
3.971844
3.443137
0.288897
-2.994493
-0.739331
7.414918
-3.311126
-2.612424
-14.198567
-7.089762
-7.062426
0.336273
2.985175
3.354436
5.410666
-0.539267
-2.660175
-0.839397
5.959682
-3.608630
-1.793870
-13.543050
-3.702247
-2.895963
-0.939398
3.272583
5.293123
2.143343
2.560890
-2.757669
-0.658530
5.460014
-3.716068
-2.743335
-13.835672
-5.513974
-5.145025
-1.335907
1.887769
3.862769
4.102234
1.472953
-1.373020
0.567125
5.257929
-3.433755
-2.066410
-11.666798
-3.376136
-3.448514
-0.480203
1.748003
2.343690
1.173673
0.241648
-1.699609
0.563601
6.356631
-1.959744
-1.836366
-10.887005
-0.644251
0.298944
0.148844
3.069422
2.701645
-2.783274
0.010928
-3.709984
-1.041924
6.452364
-1.325475
-1.610340
-10.510653
0.120810
1.557081
-0.529556
3.000443
2.700828
-4.110204
0.702076
-3.988607
-1.714525
6.144351
-1.849470
-1.874064
-10.397934
0.009180
2.051672
-3.491261
1.807253
3.310916
-4.175308
3.430469
-2.268169
-0.071354
6.429921
-2.000023
-1.989815
-9.776924
-0.373724
1.195043
-3.623546
1.507239
3.222305
-2.551519
2.610670
-2.388355
-0.649388
5.368450
-3.420148
-2.925035
-8.207451
-0.041616
1.314626
-2.342214
1.691269
2.802839
-1.224262
1.928724
-1.631162
-0.376298
3.746345
-2.936280
-2.888026
-9.998172
-2.302678
-0.873850
-1.855688
1.360958
1.506517
-0.821901
3.402909
0.387380
0.226752
3.049907
-2.988317
-2.155908
-9.816457
2.061183
4.798263
-3.449889
2.220334
4.167294
-5.047667
6.474794
-0.674706
0.398609
3.211452
-2.657402
-2.740043
-10.366118
2.410295
5.106527
-4.187186
1.965595
4.182836
-6.214787
7.417311
-0.693528
0.052261
3.337917
-2.627706
-2.410582
-10.232267
4.108473
7.144079
-4.799803
2.394112
5.189629
-8.011971
7.653726
-1.700673
-0.068806
4.203088
-2.739754
-3.225646
-10.922912
3.412885
6.573377
-6.269460
2.034530
5.962212
-8.024809
7.238692
-3.763901
-0.451726
5.754395
-2.593063
-2.876258
-11.101980
0.770034
3.158438
-5.849998
1.225073
4.316016
-5.302836
4.560170
-3.452971
-0.457028
6.502241
-2.995883
-2.798187
-12.321817
-0.027823
1.458653
-5.269789
1.044365
4.440413
-4.885786
4.336969
-4.023578
-0.578633
6.886422
-3.607429
-3.513954
-10.419912
0.230184
2.019115
-4.749584
1.107256
3.699890
-4.397382
3.563407
-3.466223
-0.920810
5.308228
-3.204169
-2.816777
-11.119853
0.102520
2.521307
-4.944326
1.824036
3.878157
-4.704826
3.897882
-3.376975
-1.272372
6.716780
-3.954268
-3.327062
-11.230480
-0.317836
1.423391
-5.050301
1.535058
4.638906
-2.879165
3.320631
-3.958980
-0.873719
6.512179
-3.527312
-2.916017
-11.586603
-0.444820
1.835340
-5.202822
1.739169
4.140874
-3.878143
3.693009
-3.559810
-1.205380
7.196935
-3.995969
-3.099482
-11.363099
-0.359196
2.145463
-5.540093
1.732538
4.032128
-4.424968
3.511495
-3.905579
-1.436514
7.011570
-3.908863
-2.843157
-11.705588
-0.754345
1.721518
-5.904027
1.269852
3.498400
-4.349797
3.636443
-3.328098
-1.034487
7.098225
-4.115962
-3.135663
-11.335248
-0.781356
1.968324
-5.093204
1.843091
3.314004
-4.645670
3.501268
-3.198299
-1.462037
6.975723
-3.988035
-2.779973
-10.625834
-1.212372
1.216738
-5.232235
1.123461
2.461549
-3.542529
2.636376
-2.417889
-0.611177
6.387087
-3.371881
-2.371902
-10.260897
-0.856892
1.117189
-5.018226
0.819691
2.441471
-2.988564
2.473369
-2.174329
-0.486480
5.453432
-3.800387
-3.157888
-10.400539
-0.794080
1.658758
-5.679554
0.946730
2.966362
-3.542177
3.063799
-2.617876
-0.588442
5.897427
-3.500251
-2.381330
-11.125441
-1.082643
1.370088
-5.778704
1.134600
3.210894
-3.655307
3.363387
-2.791238
-0.731042
6.670661
-3.664100
-2.400252
-11.346512
-0.917892
1.555861
-5.927968
1.107816
3.130297
-4.117578
3.019501
-3.176764
-0.944469
6.562836
-4.002021
-2.776877
-10.883462
-0.522605
2.179934
-5.233413
1.650959
3.179570
-4.428564
3.407458
-3.046743
-1.367502
6.414972
-4.076243
-2.951584
-10.817632
-0.211331
2.649098
-5.028138
2.024435
3.405376
-4.772965
3.903275
-2.689072
-1.040579
6.741864
-3.779690
-2.664184
