Cute
Brooke
1
-11.378016
-5.779591
-4.519297
2.516738
3.849569
-0.871789
0.642574
0.482701
1.433320
-1.868329
6.221857
-4.951903
-3.294455
-13.062141
-8.275305
-7.257678
4.891023
4.904690
-2.734102
1.140443
-1.114836
1.514802
-2.394307
7.810373
-3.965017
-2.452688
-13.775764
-7.927257
-7.399967
5.336565
5.352734
-1.510471
1.370540
-1.610911
-0.142731
-3.375830
7.972791
-4.611388
-2.981297
-14.581444
-7.932052
-7.493812
5.659003
6.184268
-0.238027
3.436251
-2.368575
-0.938112
-2.643974
8.988420
-4.730137
-3.319362
-14.815376
-6.935875
-7.670463
5.033497
5.760773
2.519312
6.627511
-2.630115
-2.203248
-0.557797
8.083490
-3.032641
-3.497169
-13.639194
-5.887940
-7.236725
2.840150
4.113160
3.653021
8.133855
-2.516556
-2.692116
-0.063363
7.090316
-2.911319
-3.502087
-11.967816
-4.295614
-5.725390
1.545376
2.995138
3.316303
6.671172
-1.513501
-1.879065
0.701269
6.422055
-2.493215
-3.610471
-10.905470
-3.092550
-4.131903
0.706743
2.194641
2.898783
4.782241
-1.051587
-0.595526
1.297271
6.973663
-2.560300
-3.908756
-10.381678
-1.543047
-2.248503
-0.703293
1.153478
2.208968
2.652562
0.728910
0.872628
2.697434
6.456120
-3.049120
-4.674528
-10.792717
0.033975
0.223882
-1.185401
1.197461
1.973817
-0.376461
1.935578
1.674307
2.704868
6.564508
-3.029559
-4.795723
-11.287891
1.398215
2.761880
-2.964130
2.013130
3.613349
-4.676683
4.062808
-1.390058
0.328480
5.583802
-3.513851
-4.976825
-10.835140
1.027663
3.064328
-3.841543
2.251367
4.162971
-4.504942
3.693896
-2.935582
-0.617048
7.288378
-2.993000
-3.040224
-11.469309
0.180387
2.959227
-5.038604
2.215252
4.057477
-5.455477
4.113435
-3.568364
-1.406050
7.365459
-4.008306
-3.324975
-11.602587
-1.180413
1.112852
-5.096909
1.591020
3.406433
-3.445821
2.501828
-3.800105
-1.395072
7.034729
-4.356912
-3.727322
-9.843445
-0.003543
2.628254
-5.324385
1.526856
3.448893
-3.759617
2.488957
-3.425709
-1.077446
5.885062
-3.524425
-2.926564
-9.230094
0.028408
1.304905
-4.891439
0.280649
2.770759
-2.690835
1.577374
-2.764624
0.340661
5.165446
-2.530039
-2.779432
-10.098860
-0.478876
1.854046
-4.276742
1.710963
2.788421
-3.739852
2.701666
-2.434360
-0.901932
6.217827
-3.482150
-2.830967
-10.167499
-1.608024
0.835209
-3.175620
2.213269
2.113373
-2.760323
2.728531
-1.429255
-1.126680
6.585306
-3.227927
-1.763199
-9.844368
-0.186931
2.562451
-5.471080
1.438154
3.144852
-4.236911
2.168057
-3.923774
-1.796683
5.372908
-3.520327
-2.223084
-9.874666
1.221922
4.143733
-5.010026
2.207752
4.188716
-4.740119
2.616034
-4.338867
-1.466887
6.331092
-3.161551
-2.629108
-10.479383
-0.730530
2.078009
-4.831408
2.045143
3.617778
-3.320624
3.036947
-2.805772
-0.809633
6.757098
-2.585097
-1.367544
-11.375286
-1.840905
0.431551
-4.820818
1.451033
2.516943
-3.004816
1.893322
-3.122536
-1.489651
7.190251
-3.652215
-2.101141
-10.798996
-1.152861
1.538389
-4.023181
2.645705
3.472049
-3.315525
2.418597
-3.548285
-1.711709
6.498651
-3.767252
-2.436110
-10.502228
-1.040483
1.376858
-5.159958
1.650688
3.586474
-2.417040
2.521222
-3.077825
-0.876319
6.440528
-3.412406
-2.055918
-11.419155
-2.166535
-0.088823
-5.077158
1.634666
3.809829
-1.148245
2.467092
-3.046198
-0.949993
6.305954
-4.174705
-2.478446
-11.906895
-1.961379
0.348813
-4.806640
1.944881
3.799903
-1.744347
3.197631
-2.363591
-0.788455
6.929350
-4.820935
-3.414909
-11.177245
-0.873915
1.888296
-5.335531
1.926906
3.848989
-3.976214
3.072737
-4.062143
-1.744710
6.335616
-3.842680
-2.610250
-11.972658
-1.103785
1.267687
-4.901997
1.948509
3.548153
-3.804018
3.344973
-3.261141
-1.427442
7.531399
-4.629767
-3.589695
-12.160465
-2.154785
0.838779
-3.629071
2.691067
2.648087
-4.483803
3.609499
-2.548645
-2.162401
7.112612
-4.348498
-2.608296
-12.251210
-0.998683
1.793574
-4.520345
2.610457
3.920984
-4.110262
3.650858
-3.268219
-1.149142
7.884568
-3.566652
-2.892239
-11.717568
-1.143497
1.599558
-3.973578
2.768941
3.637259
-4.078281
3.655641
-3.114418
-1.785999
7.594619
-4.080841
-2.825745
-11.409433
-0.568647
1.969910
-5.789165
1.419900
3.585323
-4.139194
3.502656
-2.951160
-0.443332
7.657140
-3.608356
-3.025598
