Fit
Lyn
3
-11.819799
-2.439568
-1.536636
-1.537072
2.593477
4.176540
1.010397
1.694577
-2.391899
-0.725299
5.611356
-3.626596
-3.337080
-11.202555
-2.594451
-1.653552
-1.170604
2.886163
3.791236
1.214210
1.047928
-2.659065
-1.023636
5.532844
-3.338986
-2.581687
-9.884023
1.948232
3.553939
-2.086442
3.534671
5.883338
-1.534677
3.121593
-3.101548
0.248741
5.307283
-1.537160
-2.647647
-11.023904
-0.732129
0.433738
-1.360758
3.422176
4.650029
0.436476
1.667013
-2.868748
-0.094860
6.490141
-2.414467
-2.740897
-11.418861
-1.619311
-0.409262
-0.958600
3.488218
4.272808
0.120948
1.287641
-3.097464
-0.730636
6.072783
-2.549787
-2.755896
-12.940966
-0.802749
1.027355
-0.176602
4.816337
5.259466
-2.176640
3.764337
-3.003620
-0.835916
6.809691
-2.099062
-2.750766
-12.441141
-0.306115
2.242703
-1.226564
4.540215
4.288668
-4.095906
3.516912
-3.236724
-1.485366
6.903455
-2.677753
-2.831404
-11.845471
-0.384026
1.312594
-1.574535
3.549824
3.793907
-3.441117
2.386051
-3.299314
-1.238653
7.114340
-2.988139
-2.873920
-11.156970
-2.669241
-1.456386
-0.379533
3.480034
2.797597
0.047334
0.356377
-2.631444
-1.109928
6.776145
-2.821835
-2.216648
-10.439856
-0.403217
0.849335
-0.440101
4.002871
4.324519
-0.989887
1.709553
-3.215363
-1.281193
6.425370
-2.865693
-2.825479
-7.989295
1.270090
2.740892
-1.979992
2.600351
3.984865
-1.473884
1.868083
-2.327463
-0.237357
4.806811
-2.051529
-2.511480
-9.732889
-0.904738
0.859232
-1.743469
2.850334
2.981251
-1.544496
1.254250
-2.748701
-1.475653
5.604631
-2.895890
-2.421367
-10.110453
-0.766071
0.671486
-1.795112
2.548864
2.958113
-1.840707
1.201322
-2.573587
-0.704512
5.950129
-2.512332
-2.281029
-9.239091
0.497566
1.826426
-1.077697
3.230541
3.974961
-1.386717
1.526140
-2.612251
-0.213251
5.415704
-1.628769
-2.195340
-10.700480
0.373903
2.208297
-1.609771
3.550556
3.756560
-3.832629
2.937958
-2.890269
-1.334092
6.649621
-3.236420
-2.981166
-9.553962
1.465032
4.049732
-4.221853
2.087466
3.776493
-5.224965
3.921735
-2.778810
-0.873351
5.687615
-2.903165
-2.639142
-10.396080
0.521044
3.009548
-3.572714
2.718876
3.841053
-4.319728
3.604549
-2.745654
-1.093896
6.727389
-3.322050
-2.752942
-9.994991
-0.676828
1.254016
-3.305849
1.729595
2.599724
-2.966794
2.766523
-1.701732
-0.500302
5.919207
-2.803725
-2.228207
-9.282232
0.860691
2.812288
-4.945862
0.932133
3.624054
-3.773902
3.616597
-2.534834
-0.038485
5.037436
-2.495126
-2.296706
-9.376461
0.448513
2.720765
-4.233195
1.527828
3.278401
-3.396261
3.495620
-1.518397
0.320776
5.731098
-2.513485
-2.456374
-9.436426
0.618608
2.843396
-5.137772
1.166111
3.496160
-3.522405
3.222363
-2.564168
-0.070353
5.016089
-2.578066
-2.169785
-8.792333
2.016432
4.150023
-4.694772
1.745638
4.724415
-3.340962
3.779319
-2.640039
0.186604
5.661178
-2.334063
-2.389731
-8.512872
2.582995
5.003939
-4.279495
2.014377
4.395295
-4.999915
3.992498
-2.934905
-0.412104
5.198528
-2.177527
-2.324537
-9.298685
3.294329
6.287704
-4.893492
2.497412
5.524542
-6.020569
5.089163
-3.536318
-0.359202
5.110179
-1.836716
-2.134594
-10.038654
2.520389
5.598661
-4.750769
2.920785
5.787562
-5.416744
5.326408
-3.517071
-0.529760
6.081774
-2.227129
-2.264941
-11.638353
1.087591
3.977474
-4.658781
2.933249
5.323856
-5.534120
4.977334
-3.722980
-1.042494
6.954375
-3.310971
-3.091929
-11.160722
0.648410
3.415943
-4.392333
2.795379
5.035344
-4.801736
4.889689
-3.450798
-1.101499
6.644560
-3.111685
-2.436989
-11.752213
-0.094103
2.472150
-4.476333
2.391056
4.568590
-4.839647
4.689499
-3.486619
-1.211902
6.652489
-3.597824
-3.020346
-11.356017
-0.644409
1.959323
-4.552630
2.002519
3.698180
-4.621480
4.272320
-3.077294
-1.338091
6.199705
-3.396217
-2.246266
-12.037301
-0.302261
1.835407
-4.818443
1.860997
4.331423
-4.331587
3.892277
-3.709678
-0.816148
6.939464
-3.544371
-3.142219
-11.439583
0.436069
2.996390
-4.554131
2.419620
4.670607
-4.160927
4.362844
-3.115921
-0.585927
6.758986
-3.218650
-3.143919
-10.876287
0.962725
3.626025
-6.036180
1.436951
4.677899
-5.293160
4.872028
-3.420800
-0.396049
6.232265
-2.725389
-2.359431
