all
ben
1
-8.378461
6.325912
8.221623
4.696796
8.585864
6.349847
-4.688496
3.841102
-3.055871
-1.993383
3.484916
-2.250975
-4.180104
-8.639143
5.956458
7.823977
4.814269
8.904409
6.770608
-4.009818
3.726603
-3.315194
-1.802535
3.744773
-2.138934
-4.414933
-9.002723
6.051197
7.920615
5.334715
9.171953
6.598572
-4.301013
3.786474
-2.997142
-1.586820
4.239411
-2.359323
-5.273390
-9.373419
5.802650
7.586054
5.666641
9.405448
6.525015
-3.951186
3.556428
-3.036322
-1.545838
4.522642
-2.538973
-5.581675
-8.920652
6.072180
7.689485
5.219038
8.980342
6.372548
-4.148796
3.196145
-3.305065
-1.601349
4.148811
-2.483967
-5.312761
-8.792727
6.409639
8.385216
5.105351
8.952244
6.427997
-4.731791
3.240875
-3.497139
-1.599209
4.004835
-2.120684
-4.719103
-8.846848
6.288911
8.569256
4.832171
8.951564
6.620994
-4.934385
3.823590
-3.085119
-1.071288
4.341946
-1.664364
-4.671070
-8.882955
5.941103
8.548676
5.488615
9.420890
6.121960
-5.333571
3.904783
-3.088292
-1.657955
3.901183
-1.321205
-4.301438
-9.154084
5.934274
9.125208
5.097383
9.710532
6.490890
-5.576739
5.278716
-2.483082
-1.235759
3.825908
-1.197341
-4.567314
-8.522429
4.954762
8.287477
2.845791
7.731016
5.479630
-6.280161
6.046440
-1.623344
-1.493778
3.903801
-1.430185
-3.658417
-9.394905
4.104821
6.884833
2.438651
7.120175
4.358193
-6.872025
4.782355
-2.555765
-1.947250
5.168048
-1.995094
-4.038653
-10.351311
2.233605
5.622689
-1.266914
4.563014
4.555557
-7.317477
5.825027
-2.597035
-1.802174
5.860906
-2.568542
-2.702916
-10.608368
2.747362
5.647464
-1.810813
4.199134
5.439433
-7.261846
6.019064
-3.310231
-1.331535
6.311674
-2.133911
-2.704571
-11.261340
3.043530
5.915849
-3.252675
3.913736
6.154457
-7.464653
6.528697
-3.992137
-1.677416
6.272449
-3.640813
-3.970212
-11.158627
2.599305
4.959008
-4.891485
2.044963
5.970030
-7.303727
7.243750
-3.692661
-0.920183
4.854272
-2.904855
-2.787099
-11.606159
2.314975
4.473170
-4.776254
1.886883
5.901726
-7.363614
7.097954
-4.013200
-0.861272
4.909963
-2.591546
-2.687857
-13.107733
2.358675
4.444792
-5.719107
1.943675
7.121253
-7.580595
7.528635
-5.003265
-0.676403
6.465556
-3.080393
-3.442727
-12.655916
2.558046
4.920465
-4.792025
2.835718
6.929688
-7.064322
7.164371
-4.240502
-0.159195
7.628911
-2.703833
-3.762940
-11.093843
3.226393
6.675262
-5.574906
2.380878
6.141561
-8.042161
7.714080
-3.137300
-0.018632
6.153780
-1.606552
-1.928402
-10.542419
2.107709
4.491073
-3.639755
2.355818
4.786721
-5.871528
6.300352
-1.615248
0.589431
5.706907
-1.790736
-2.615860
-13.022818
1.630401
4.781745
-5.312689
2.399283
5.208611
-7.947704
7.495728
-2.209902
0.274845
7.454686
-2.478857
-2.837332
-12.935051
-0.257247
2.283808
-3.838088
2.338329
4.053910
-5.943042
6.003608
-1.508913
0.046430
7.279215
-2.713289
-2.844223
-11.608120
1.246435
3.998860
-5.382377
1.995980
4.865020
-5.966753
6.053309
-2.757852
-0.440651
6.907148
-2.953924
-2.305887
-12.254031
1.402016
3.613826
-4.372399
2.252462
4.919734
-6.780196
6.133849
-2.903918
-0.236205
7.315946
-3.035459
-3.420411
-11.021875
0.850345
3.209800
-4.673994
1.826051
3.977892
-5.960644
4.707176
-3.342723
-1.183091
6.178609
-3.218543
-2.844638
-11.508795
0.268491
2.810911
-3.306753
2.811964
4.003124
-5.691792
5.417788
-2.105324
-0.917107
6.965366
-3.052405
-2.484139
-10.890759
0.380470
2.480101
-4.009896
2.346580
4.735783
-3.415554
4.715143
-2.035378
0.005634
7.050803
-2.638254
-2.179335
-10.687084
-0.232770
1.583863
-4.945436
1.071043
3.578629
-3.003913
4.053785
-1.752416
0.011103
5.702842
-3.395889
-2.058079
-11.078972
-0.410015
2.220364
-4.642039
1.855837
3.192226
-5.047927
4.291389
-2.180535
-0.905813
6.514933
-3.443452
-2.190270
-12.030272
-0.984729
1.700790
-4.803427
2.192749
4.225229
-4.808761
5.400266
-2.792515
-1.257547
6.501515
-3.663586
-1.906220
-11.643526
-1.139113
1.679750
-3.588545
2.737846
2.895672
-4.767185
3.438203
-2.397702
-1.212701
8.318912
-3.234660
-2.055877
-10.541220
-0.938335
2.214449
-3.155354
2.895084
2.367179
-4.935533
3.386151
-1.873221
-1.671028
6.833021
-3.551381
-2.273782
