Share
Yuyu
1
-13.093718
-5.387454
-5.066300
-2.931130
1.478503
2.177599
2.609691
-0.172403
-2.726945
-0.353736
7.423123
-4.119305
-2.401297
-12.611973
-5.792840
-6.468178
-0.288874
2.103384
2.026561
4.401802
-0.750860
-1.923296
0.528700
6.607836
-3.522843
-2.708979
-15.372881
-8.915727
-9.903263
2.273333
3.653467
1.398830
6.414931
-2.349262
-2.575620
-1.242648
7.721049
-5.106830
-3.483191
-14.453575
-8.051144
-8.429100
2.894437
4.416620
1.771384
5.743417
-2.086344
-2.824860
-2.031309
7.417465
-4.735408
-3.224413
-14.198714
-5.176460
-4.839928
-0.418289
3.202677
3.468314
1.902821
1.259316
-2.431471
-0.615823
7.745241
-4.132864
-2.961794
-13.791203
-5.458366
-5.744545
-1.095452
2.098542
3.156014
4.028547
0.231921
-1.767808
0.792641
7.055048
-4.113853
-3.559974
-13.145627
-4.967507
-5.307803
-2.104976
1.574633
3.444507
4.355778
0.406037
-2.031506
1.124984
6.346306
-3.850450
-2.914387
-10.613149
-2.024329
-3.088714
-4.138862
-0.291492
5.095042
5.205548
1.478317
-0.630713
3.838148
4.179821
-2.251860
-2.707130
-9.481667
-0.367809
-1.556920
-3.916268
-0.150973
5.460644
4.456817
0.958494
-0.641518
4.282745
5.007921
-1.304369
-2.839802
-8.601126
1.161541
-0.136780
-3.689009
0.012241
5.552264
3.877490
1.003666
-0.301771
4.691362
5.707674
-1.166003
-3.381253
-8.511683
1.601584
0.112552
-4.572415
-1.050799
5.171093
3.681419
1.200023
-0.168763
5.272805
4.992062
-1.171039
-3.561567
-7.752456
3.830533
2.052723
-6.371573
-1.965376
5.747210
2.543662
0.942836
-1.347468
5.596017
5.568908
-0.434772
-3.745710
-7.599739
4.673992
3.363227
-6.166654
-1.232269
6.422382
1.764859
1.459448
-1.648865
5.241382
5.677137
-0.698854
-3.991347
-8.127928
4.176969
2.804153
-6.945515
-1.975986
5.767796
1.602375
1.641448
-0.903517
6.040331
5.748370
-0.567356
-3.983806
-8.183028
3.980735
2.630374
-6.868464
-1.998550
5.164826
1.356072
1.317802
-1.538660
5.078568
5.876646
-1.606370
-4.487621
-6.972350
5.031784
3.625349
-8.029377
-2.978973
5.382107
1.504244
1.598080
-2.126798
4.904681
4.188047
-1.243153
-4.095538
-9.774299
3.768165
4.368889
-6.639835
-0.321698
6.034920
-3.821617
5.209404
-2.854551
2.334174
5.561171
-1.842984
-3.492755
-9.610209
3.755746
5.164976
-6.515138
0.438731
6.412205
-4.289203
6.046048
-3.022293
1.341384
4.938462
-1.891519
-2.593831
-11.885025
3.033376
3.445495
-6.138912
0.442768
6.315436
-3.976309
4.947691
-3.777910
1.857929
6.971714
-2.584299
-4.555140
-12.350327
2.359891
3.983205
-6.962868
0.898191
7.316608
-5.140016
7.496749
-3.933787
0.885509
6.555517
-2.943049
-3.419637
-11.960977
2.548976
4.056248
-6.469185
0.606038
6.370761
-6.815112
6.973765
-4.305894
0.212733
5.704659
-2.810040
-3.135438
-12.517740
2.588633
4.668311
-5.726756
1.594974
6.457233
-8.195268
7.398554
-4.952691
-0.824501
6.384690
-2.972115
-3.386800
-12.714361
2.051484
4.038332
-5.583061
1.490924
6.192151
-8.007020
7.607148
-4.371391
-0.354702
6.633431
-2.663960
-3.105971
-13.359638
1.073773
2.880669
-5.506001
1.599090
6.148391
-6.976814
6.615697
-4.633253
-0.350274
7.229211
-2.643997
-2.899027
-13.012975
1.438696
3.241865
-6.312706
0.877112
5.463907
-7.062139
5.416465
-5.257561
-0.806288
6.917562
-3.321971
-3.279884
-12.536905
-0.835491
0.759155
-4.314650
1.648368
3.901090
-4.818336
3.034620
-4.877311
-1.505062
7.132188
-3.250460
-2.935836
-14.153135
-0.816665
1.028796
-5.478262
1.599827
5.314284
-5.539329
5.335990
-5.107451
-1.343682
7.414229
-3.847244
-3.042032
-13.271734
-0.511913
2.094088
-4.870650
2.669970
5.123712
-5.690014
4.787529
-5.093735
-2.497707
7.351665
-4.723924
-3.777148
-11.245353
-0.123196
2.060215
-4.397105
1.792608
3.346159
-5.219769
3.008354
-3.762851
-1.145334
7.218177
-3.307799
-3.015769
-10.295815
1.063352
3.637071
-6.190613
1.552825
4.698748
-4.438168
3.083325
-4.671927
-1.069180
6.498504
-3.146259
-2.733714
-9.825839
0.513660
2.906033
-4.195141
2.580344
4.255950
-2.900750
1.828207
-4.152549
-1.435130
6.588656
-3.345882
-3.111084
-11.112446
-0.252512
2.446613
-4.393248
2.423816
3.238398
-4.908140
2.377999
-3.624533
-1.411023
7.648640
-3.541440
-2.995659
