two
ben
3
-13.121858
-6.726414
-6.798819
-0.282663
1.622779
0.476123
2.841074
0.061471
-0.620394
-0.114313
5.287240
-4.062449
-2.274297
-11.552203
-4.418695
-5.010318
-2.523097
-0.553533
0.799493
3.040790
1.026133
0.764413
2.505702
3.968958
-3.420185
-2.555676
-12.167052
-3.551218
-3.703534
-3.152009
-0.597070
0.799560
1.495263
1.929799
1.290209
2.961340
5.194510
-3.606293
-3.201602
-12.781145
-3.556342
-3.224052
-3.163185
-0.356954
0.472475
0.652287
2.085487
1.280307
2.530010
5.722825
-4.077002
-3.635063
-12.263808
-3.299637
-2.286028
-3.011055
-0.060247
-0.009641
-0.996477
2.051068
1.236407
1.830516
5.384166
-3.273374
-2.885507
-11.727190
-2.492552
-1.579451
-3.034096
-0.013796
0.326667
-1.578332
1.970695
0.845509
1.639460
6.228726
-3.140138
-3.159537
-11.481700
-1.208363
0.691511
-3.538007
0.836266
1.216810
-4.016513
2.708484
-0.693555
0.201518
6.760417
-2.942578
-2.533252
-11.540343
-1.376131
0.357383
-1.887599
2.028259
1.392995
-4.401282
2.974040
-1.139365
-1.447430
6.428830
-3.650620
-2.494597
-9.613653
0.165913
2.415669
-3.468968
1.603127
2.129851
-5.137680
3.188587
-1.822233
-0.855398
5.218606
-2.597257
-2.243669
-9.349880
0.307702
2.549665
-3.291550
2.073035
2.883007
-4.266061
2.530295
-2.670518
-0.841069
5.983821
-2.372788
-2.134479
-10.356453
0.084561
1.962405
-3.020899
2.280231
3.521951
-3.706278
2.253712
-3.491529
-0.937893
6.277809
-2.506579
-2.395230
-12.901073
0.228905
2.052073
-4.057079
2.350118
4.835521
-5.705514
4.939207
-4.138296
-0.900712
7.684655
-3.336751
-3.369369
-12.572359
0.133367
2.190680
-4.897983
1.988727
4.749022
-5.624619
4.827173
-4.202418
-1.043458
7.784753
-3.545326
-3.406265
-12.451408
0.435494
2.715935
-4.712648
2.279696
5.377384
-5.880040
6.010570
-3.910919
-1.078051
7.015937
-3.427732
-2.912409
-12.515544
0.506032
3.128068
-6.095813
1.955879
5.884418
-5.456439
6.022682
-4.235261
-0.959365
7.196835
-3.861879
-3.302625
-10.987085
0.032872
2.693053
-4.383049
2.632856
4.850362
-3.961488
4.634127
-3.215293
-1.108991
6.597267
-3.431771
-2.623750
-11.027494
-0.127564
2.033293
-5.007189
1.885176
4.668770
-3.281767
4.064872
-3.280541
-0.635911
6.457167
-3.516614
-2.837139
-10.481954
-0.440662
1.832721
-3.666640
2.585008
4.150272
-2.459588
3.105264
-2.866050
-0.574994
6.557752
-2.698518
-2.309793
-11.031816
-0.627365
2.130294
-3.941333
3.006367
4.612224
-2.636419
3.666505
-2.934844
-0.675665
7.398349
-2.856488
-2.242908
-10.757141
-0.250032
2.360147
-2.889150
3.228523
4.171079
-3.219779
3.566615
-2.749350
-0.833367
7.073167
-2.721714
-2.461410
-11.823592
-0.994405
1.252723
-3.330816
3.078936
4.563023
-2.401988
3.463996
-3.234018
-0.836704
7.452178
-2.818190
-2.380914
-11.090503
-0.483257
1.784314
-3.810954
2.572255
3.996496
-3.391584
3.179497
-3.370955
-0.980138
7.113250
-2.939126
-2.533830
-11.471963
-0.600241
1.981170
-4.230536
2.553432
3.991045
-4.101091
3.384622
-3.570861
-1.445397
7.079648
-3.710146
-2.759096
-11.516087
-0.812706
1.908310
-4.955475
2.188263
3.896843
-3.994944
2.894531
-3.995228
-1.365454
6.818670
-3.413116
-2.341958
-10.263453
-0.591106
1.865428
-3.114221
2.761765
3.111397
-3.444026
2.075295
-3.274394
-1.586157
5.706816
-3.402440
-2.853005
-11.360154
-0.698702
1.884265
-3.448438
2.983315
3.621152
-3.884188
3.228445
-3.015061
-1.470049
6.565375
-3.875759
-3.146313
-11.596445
-0.804606
1.853797
-3.297555
3.204214
3.638348
-4.055260
3.303820
-3.004071
-1.921035
6.885860
-4.387112
-3.330326
-11.231293
-0.557023
2.383246
-3.726790
3.010019
3.510499
-4.322783
3.401870
-3.034070
-1.771392
6.815454
-3.998677
-3.045480
-11.906076
-1.925526
0.623239
-2.869172
3.192575
3.172085
-2.961689
2.534867
-2.885921
-1.721094
7.900055
-4.314150
-3.346464
-10.967548
-0.233865
2.558944
-4.124891
2.848425
4.207715
-3.502155
3.673514
-2.958325
-1.263921
7.143353
-3.772465
-3.066385
-10.747420
-0.120568
2.761622
-3.719110
2.929189
3.496758
-4.457992
2.866734
-3.307261
-1.261786
7.423830
-3.126348
-2.729786
-11.986673
-1.535932
1.187562
-3.682092
2.976710
3.355882
-3.929890
2.607888
-3.765205
-1.803866
7.911057
-3.449307
-2.443656
