Cute
Briggs
1
-12.332172
-6.887495
-7.305655
1.839160
2.975217
-0.459196
3.478520
-3.997771
-2.876161
-1.598930
6.843876
-3.314281
-2.508822
-15.165624
-9.816358
-10.599289
2.995919
3.781655
-0.608842
6.319463
-4.483578
-2.677078
-0.856352
8.612720
-3.849061
-2.680703
-15.628029
-8.524046
-7.877248
1.773504
4.791212
1.560674
3.716228
-1.377937
-2.941425
-1.724424
8.811188
-4.381196
-2.209944
-13.618518
-5.734997
-6.392512
-1.875138
0.930249
2.112575
3.126462
2.121025
-0.572550
1.017877
3.510969
-4.961547
-2.449710
-13.470387
-4.771410
-5.052013
-3.696405
-0.741665
1.515022
2.588717
4.362365
1.347922
2.636661
1.585920
-4.256021
-1.510020
-11.474149
-1.053319
-1.283982
-3.876135
-1.263050
1.246392
-0.892580
3.477859
1.848592
2.844365
3.652762
-3.090059
-2.154649
-10.352585
1.250591
1.433722
-3.337240
-0.081902
2.491754
-3.924829
2.311261
-2.023716
-0.081926
2.522781
-2.538234
-0.967420
-10.250723
3.861202
4.670001
-5.170850
0.335447
6.086488
-3.483366
1.100680
-6.338801
-0.843352
1.710856
-2.739583
-2.122163
-10.101505
3.419422
3.741731
-7.264701
-1.064706
5.870863
-4.338162
3.335100
-5.412631
0.740629
4.016237
-1.412789
-1.968500
-11.026396
-0.542703
1.311997
-5.390205
1.002845
3.949820
-3.268209
4.110023
-2.459184
0.151992
6.129382
-3.429148
-2.833390
-10.251606
-3.544613
-1.973184
-2.372517
1.604466
1.157310
-0.671298
1.475987
-0.914461
-0.729572
5.011350
-3.149167
-1.461455
-10.714209
-4.459729
-2.920543
0.684130
3.259974
0.085073
-0.430603
0.035883
-0.946227
-2.192822
6.246001
-3.905521
-2.626563
-12.225096
-6.407239
-4.690441
1.385640
3.421526
-0.678391
0.046921
0.902981
0.308045
-1.587272
6.360521
-3.906791
-2.169605
-13.729830
-1.700367
0.642872
-3.806791
1.868548
4.063901
-5.026097
6.933245
-1.375085
0.264841
5.707940
-3.325015
-3.156009
-13.666135
-3.289802
-0.088768
-2.485721
3.310055
2.823038
-4.287245
4.862649
-1.532405
-1.260659
7.527975
-3.884032
-2.437537
-12.553652
-1.202195
1.046191
-4.037265
1.676607
4.298261
-3.894276
5.098239
-2.283792
0.625066
6.377263
-2.698342
-2.846075
-14.110946
1.033435
2.741479
-4.256626
2.024867
6.092955
-7.290432
6.419201
-5.241003
-0.510428
7.440365
-2.979794
-3.766974
-12.510838
1.086535
3.607240
-3.981922
2.789269
4.964128
-6.347837
4.202764
-5.245834
-1.433125
7.016168
-3.218092
-3.280398
-11.544804
-1.417082
0.965400
-1.837880
3.268166
2.213227
-3.619689
0.990853
-3.226902
-1.755290
7.815570
-3.484841
-3.182389
-11.366270
-1.309966
1.118735
-1.575075
3.082983
1.939169
-3.605502
0.348108
-3.625495
-1.486044
7.080067
-2.862567
-2.769723
-11.422863
0.143636
1.671420
-3.266727
1.941216
3.386140
-4.448414
1.952534
-4.223118
-0.776761
6.174122
-2.851636
-3.684451
-11.679008
0.146313
2.739350
-3.517787
2.247942
3.389656
-5.985898
2.337223
-4.520068
-1.390055
6.267168
-2.687018
-2.599586
-10.910769
1.396520
3.190746
-5.603049
0.285083
3.178738
-5.627744
1.626659
-4.178309
-0.075936
5.970797
-2.154667
-3.038930
-11.193312
1.450931
3.650758
-6.261797
0.741856
4.248871
-5.996629
2.761150
-4.782217
-0.183931
6.964634
-2.142854
-2.526663
-12.186800
1.134439
3.452668
-7.053088
0.521884
4.611370
-6.637916
4.506652
-4.431262
-0.028446
7.118064
-2.478782
-2.991817
-11.334494
0.578213
3.239764
-5.966741
1.682302
4.690859
-5.528657
4.689743
-3.960828
-0.968870
6.880898
-3.268841
-2.448592
-12.668464
-0.137206
2.214362
-5.273223
1.953654
4.404649
-5.733628
4.533939
-3.993298
-1.042581
7.960121
-4.125182
-3.869946
-10.188971
0.704973
2.806786
-5.489957
1.481864
3.791191
-3.839518
2.691330
-3.736014
-0.791204
6.432467
-3.292698
-2.905710
-9.376985
0.504157
2.111234
-4.329211
1.384519
3.425856
-2.487940
1.452681
-3.459534
-0.232117
6.357542
-2.385707
-2.642069
-10.800023
0.228791
3.086007
-4.862683
2.540860
4.412868
-4.373542
3.530825
-4.240922
-1.711425
6.445115
-3.432766
-2.465692
-11.016379
0.442418
2.855285
-6.103093
1.633033
4.803741
-3.682497
3.542019
-4.112442
-0.661538
7.166042
-3.539848
-3.040807
-10.533192
-0.537161
2.184728
-4.719800
2.239415
3.608352
-3.785872
3.082430
-3.267525
-1.231376
6.573385
-3.511669
-2.301465
