Cough
Brooke
1
-6.208693
5.827699
6.221170
-3.515658
-0.285732
1.912668
-6.080303
-1.347163
-4.458221
0.808703
2.772627
-0.404842
-4.479566
-6.094487
5.963723
6.084978
-2.789189
0.041273
2.416188
-5.534106
-2.411944
-5.056808
0.576724
2.972817
-0.576070
-4.654226
-4.796842
7.149030
7.373912
-1.279241
0.879041
2.537539
-5.784399
-1.134274
-3.557676
1.453239
1.596458
0.070698
-4.592448
-4.434811
7.242224
6.547219
-1.807742
0.175195
2.667411
-4.644773
-1.444799
-3.968721
1.374018
1.670497
-0.336302
-5.079073
-5.060670
5.695906
5.435576
-0.489303
0.850228
1.866898
-4.658449
-1.552405
-3.438512
0.601799
1.880518
-0.564673
-4.726281
-4.860357
6.660240
6.641044
-1.077439
1.265798
3.010056
-4.781981
-1.017220
-3.795182
0.983308
2.299138
-0.409498
-4.709161
-6.388911
4.485146
4.717722
-2.002507
1.074862
2.744636
-3.542445
-0.242721
-3.269680
0.291972
3.630614
-1.696967
-4.812774
-8.917475
4.939605
6.464274
-1.971456
2.813141
5.322676
-6.426828
4.656488
-3.180706
-0.021904
3.568754
-1.944678
-4.626353
-9.421064
2.957963
4.204804
-2.738738
2.115258
4.424256
-4.659636
3.451234
-3.076225
-0.152421
4.331371
-3.122254
-4.612333
-12.363453
-1.535147
0.887237
-4.404834
1.925091
3.543179
-4.177785
4.535404
-2.621300
-1.555289
6.300052
-4.761079
-3.245123
-10.917871
-3.233246
-3.593600
-4.506726
-1.486208
0.893099
0.257704
0.951188
-1.135479
1.608638
3.812787
-3.107331
-2.810645
-14.002329
-1.764211
0.025115
-5.055346
1.362217
4.332462
-4.479481
5.743939
-2.775478
-0.551740
6.867249
-4.611203
-3.512778
-11.485722
-1.676764
-0.339758
-4.332631
1.115506
2.819167
-2.077420
2.353653
-2.372377
-0.181824
6.798107
-3.972184
-3.542355
-10.783482
-1.867741
-0.045646
-3.972773
1.211895
1.519105
-2.469324
1.835594
-1.441702
-0.706766
6.733672
-4.294124
-3.246753
-11.031615
-0.821333
1.058434
-4.622606
1.281126
3.131289
-4.196052
2.995155
-3.271992
-1.187927
5.984582
-3.662183
-2.906949
-11.820136
-1.009027
0.913748
-6.638142
1.046851
5.132995
-1.953993
3.813426
-3.939348
-0.614064
6.252743
-4.192008
-2.588795
-11.007710
-1.488292
0.678051
-5.818006
1.361625
4.190652
-1.619534
2.686396
-3.648297
-0.883336
6.060599
-3.664844
-1.843855
-10.304555
-0.628143
2.222596
-5.712675
1.616479
3.913565
-3.265198
3.659176
-3.108914
-1.181881
5.724748
-3.634632
-2.018937
-10.769371
-1.072933
1.735986
-5.858011
1.390759
3.714784
-3.526607
4.005878
-2.968422
-1.067548
5.812643
-3.628173
-1.940933
-11.332344
-1.171677
1.031893
-6.403366
0.822191
4.090744
-2.072861
3.319115
-3.235769
-0.898511
5.594987
-4.414938
-2.450538
-11.294536
-1.295743
0.540921
-5.355848
1.495515
4.326495
-1.177675
2.523498
-3.401868
-0.729488
6.904878
-3.817645
-2.342562
-11.270567
-1.568637
0.721620
-5.558879
1.521813
4.009608
-2.112785
2.777423
-3.784483
-1.437892
6.148018
-4.078542
-2.420190
-11.408669
-1.580075
1.007483
-5.719429
1.271426
3.105214
-3.956943
2.748812
-3.656726
-1.289569
6.618372
-3.696762
-2.284162
-11.600182
-1.443877
0.988462
-4.640244
2.247598
3.656215
-2.972797
3.013421
-3.291767
-1.433185
7.132021
-3.959668
-2.483550
-11.336082
-0.827798
1.930036
-4.217310
2.828921
3.800332
-3.938987
3.113472
-3.642128
-1.503567
7.414961
-3.414532
-2.312279
-11.668825
-1.128170
1.485158
-4.200152
2.621327
3.589462
-3.971014
2.976641
-3.661627
-1.993534
7.325874
-4.334931
-3.224262
-11.391171
-0.233158
2.506501
-4.640740
2.650186
4.444759
-4.129822
3.759410
-3.508502
-0.993732
8.048576
-3.480205
-2.907612
-10.611896
0.253974
3.209960
-5.023922
2.466618
4.485450
-4.428968
3.913273
-3.741712
-1.552531
6.644403
-3.622460
-2.579306
-10.589533
-0.178379
2.661690
-5.352225
1.882074
3.804531
-4.305994
3.629319
-3.392738
-1.331685
6.649582
-3.370180
-2.149341
-11.055560
-0.099687
2.689177
-5.943913
1.524774
3.941042
-4.889126
3.813600
-3.887568
-1.343215
6.755062
-3.590428
-2.589542
-11.154568
0.126364
2.823373
-5.841515
1.651320
4.106234
-4.887203
4.174767
-3.394825
-0.926371
7.280987
-3.759300
-3.049247
-11.788686
-1.108756
1.512985
-4.170335
2.809443
3.648315
-4.103806
2.819577
-4.070912
-1.843788
7.536129
-3.851311
-2.808866
