cat
ben
2
-11.473811
-4.392550
-5.405819
-0.065084
2.070164
2.422044
4.753353
-2.500930
-3.524738
-0.354760
5.773182
-2.966744
-2.830807
-7.031858
0.209048
-1.737832
-2.159217
-0.408640
3.996468
4.399556
-1.276367
-2.342486
1.971471
2.123888
-1.754403
-2.785842
-5.672607
2.708986
-0.069117
-2.981335
-1.438048
3.935693
3.687044
-1.514696
-1.931068
3.643749
3.244329
-0.625942
-3.444074
-5.010527
4.226918
1.496211
-3.475302
-1.736956
4.058654
2.416543
-1.855433
-2.463442
3.886407
3.221089
-0.139185
-3.507576
-5.248641
3.746868
1.274071
-2.689735
-1.217486
3.823666
2.329463
-1.997719
-2.248360
3.681051
3.532782
0.018347
-3.166680
-5.771547
3.333241
1.264078
-2.828819
-0.948527
3.655202
1.743849
-1.800936
-2.238161
3.301861
3.797015
-0.209411
-2.553272
-6.344618
2.323863
2.687540
-2.965633
0.387299
3.008522
-1.401004
0.544336
-1.793526
1.588710
3.655410
-0.563554
-1.492595
-9.128880
0.285313
2.334421
-4.752641
0.746874
3.215111
-2.610554
2.420456
-1.973799
0.836855
5.414190
-0.990038
-1.059340
-10.187855
-0.446725
2.231621
-4.156464
1.968853
3.171705
-3.298196
3.476390
-1.523288
-0.086446
6.989251
-2.464778
-1.952342
-10.407258
-1.199841
1.372478
-4.452749
1.825635
2.731665
-2.922188
2.859058
-2.099078
-0.752038
6.506661
-3.142048
-1.674245
-10.222480
-3.211515
-1.248747
-2.269762
2.062217
1.349448
-0.590875
1.554090
-0.770027
-0.906060
5.537323
-3.579084
-1.904165
-8.802563
-2.079961
-0.366359
-1.878286
1.953977
1.829946
-0.103279
1.222957
-1.446683
-1.044060
3.836375
-2.969301
-1.747193
-9.817165
-3.847811
-1.754918
-1.273996
2.416618
1.311206
-0.033743
0.784372
-1.963342
-2.432327
3.499430
-3.465823
-1.475604
-10.015491
-3.003234
-1.205368
-3.850165
0.576695
1.224549
-0.907837
1.425112
-1.690636
-0.902056
3.010825
-3.882819
-2.354341
-10.341506
-2.656476
-0.943718
-4.442417
0.279179
1.857821
-0.601891
1.550668
-1.981598
-0.668550
3.527786
-4.086858
-2.503484
-9.554220
-2.113190
-1.132809
-3.444066
0.323448
1.453510
-0.687346
1.154182
-1.423089
-0.187467
4.267088
-3.168784
-2.110674
-11.416344
0.225355
1.919162
-4.048185
1.652609
3.498412
-4.750055
3.984351
-2.816261
-0.900837
6.464559
-3.541293
-3.181784
-12.442191
0.384126
1.858439
-4.685461
1.201850
4.122513
-5.137241
4.304134
-3.371495
-0.453968
7.536255
-3.701550
-3.749251
-11.370445
1.042551
3.095544
-5.745401
0.954732
4.170743
-5.847745
4.996551
-3.175564
-0.130577
6.575474
-3.011535
-3.080154
-11.833332
1.675335
4.345325
-6.917688
1.151456
5.245487
-6.838947
5.975638
-4.048433
-0.634545
6.631910
-3.374146
-2.878745
-11.519478
1.775558
3.759139
-4.935609
1.896083
5.296078
-5.899189
4.938326
-4.467325
-1.248376
6.796500
-3.639823
-3.912834
-11.439664
1.685879
4.171051
-5.084499
2.074569
5.092291
-6.827868
5.091216
-4.347713
-1.357206
6.372579
-3.685292
-3.611989
-11.697352
0.466389
3.141496
-5.715164
1.635201
4.037786
-6.122415
4.748150
-3.283349
-1.114291
6.945380
-4.104358
-3.325726
-11.060735
-0.051857
2.348798
-3.585508
2.889068
4.229925
-4.223248
3.857006
-3.119862
-1.545534
6.559656
-4.161315
-3.355923
-11.792485
0.120830
2.822341
-4.698519
2.569934
4.772390
-5.282414
4.506084
-4.006262
-1.623693
6.775099
-4.173419
-3.213589
-9.637397
1.060121
3.326693
-4.952301
1.703159
4.090412
-4.231927
2.819680
-3.825175
-1.185905
5.426458
-3.407511
-2.707226
-10.702521
1.478199
3.295666
-6.605629
0.723111
5.284238
-4.512437
4.530955
-4.061908
-0.092386
5.972313
-3.064043
-2.740866
-11.516094
0.135293
2.398334
-6.149580
1.087540
4.075793
-4.674325
3.889588
-3.425294
-0.515142
7.327226
-3.375860
-2.809750
-11.261294
0.202088
2.575679
-5.676625
1.293558
3.658664
-4.895545
3.147549
-3.568984
-0.466146
7.738934
-2.711721
-2.349089
-11.056920
-0.677200
1.428550
-4.706014
1.711384
3.327642
-3.621435
2.249909
-3.650536
-0.852610
7.595971
-2.966995
-2.522983
-11.146993
-0.694302
1.788129
-5.122477
1.917967
3.668072
-3.450157
2.739547
-3.439767
-1.024212
7.645897
-3.543867
-2.724983
-11.404462
-0.347467
2.075434
-3.651393
2.895978
3.541730
-4.272389
2.387598
-3.888723
-1.954704
7.737827
-4.166203
-3.403161
