All
Lyn
1
-7.658923
1.388372
3.618309
0.597429
3.616856
2.350739
-3.632326
0.402788
-2.491560
-0.831453
4.834682
-0.928603
-1.822780
-8.635243
2.482635
4.263982
-1.135631
2.591163
3.019688
-4.430353
-0.012392
-3.654978
-0.506766
5.184542
-1.662781
-3.250302
-9.549345
1.240061
2.007931
-2.564426
0.009560
1.846435
-2.575758
0.115159
-2.740413
1.725949
2.298307
-1.928285
-3.508979
-9.071265
2.988828
5.379136
-2.735671
2.131814
3.825475
-6.304910
2.099968
-3.767685
-0.147457
4.954344
-1.464638
-2.831879
-8.882693
3.438181
5.896228
-1.594271
3.529886
4.265284
-5.624948
2.263398
-3.869344
-0.693047
5.171970
-1.744170
-3.152812
-8.752513
3.742704
6.570528
-1.946300
3.427753
4.100375
-7.173429
2.125926
-4.435417
-1.201388
4.882177
-1.683249
-2.779040
-6.434238
6.574970
8.985247
2.232576
4.474203
3.680475
-7.538127
0.419033
-3.717010
-0.273649
3.382856
0.493400
-3.421583
-6.545628
9.217413
11.506479
1.187932
4.866654
4.815695
-9.097771
0.320744
-5.718870
-0.518888
3.092272
0.992131
-3.901222
-7.332966
8.620804
11.171905
1.361737
4.834260
5.271259
-9.079147
1.733328
-4.454253
-0.056163
3.877230
0.463007
-4.311485
-7.972084
5.753311
7.699142
-0.325645
3.346319
4.554472
-7.053968
1.740575
-4.097978
-0.503850
3.911302
-0.858126
-3.815006
-7.736015
5.377008
7.856021
-2.072227
2.835438
4.678794
-5.896292
1.641166
-4.074106
-0.571900
3.327027
-1.608873
-4.154136
-7.700666
6.028689
7.860301
-1.322340
2.892605
5.012571
-5.792706
1.618006
-4.064799
-0.361924
3.983489
-1.590779
-4.330758
-9.143006
5.342040
7.509263
-1.199839
3.862281
4.988338
-5.588526
1.850206
-3.950110
-0.322080
6.173529
-1.503132
-4.562161
-9.963585
4.332020
6.456170
-0.536136
4.447103
4.952885
-6.063416
3.516248
-3.515750
-1.425524
6.354984
-3.136859
-4.978724
-10.247429
2.893186
5.371521
-2.681755
3.160123
4.116776
-6.132143
3.337225
-3.530788
-1.262631
7.221640
-2.932485
-3.631605
-8.274757
3.752832
6.316339
-4.552855
1.770814
3.532990
-6.756145
3.240076
-2.880982
-0.045998
5.597349
-2.085989
-3.225986
-9.777920
3.551367
5.629120
-5.052114
1.686853
4.571452
-6.287354
3.856465
-3.398777
0.172865
7.032306
-2.854113
-4.162972
-10.585220
2.119249
4.727225
-4.468448
2.857708
4.882903
-5.986769
3.516859
-4.692211
-1.397891
7.256048
-3.092967
-3.213379
-11.531483
0.112621
2.748664
-3.888825
2.647353
4.147236
-5.833142
4.709637
-3.462775
-1.396533
7.131139
-3.077163
-2.345263
-11.698799
-1.219280
1.562161
-4.036312
2.661382
3.519419
-4.409599
3.523558
-3.348720
-1.708188
7.392163
-3.832073
-2.710841
-12.259357
-1.861764
0.832133
-4.488187
2.141106
3.067081
-4.957767
3.784473
-3.311614
-1.843917
7.038149
-4.001874
-2.499694
-12.359659
-0.555256
1.796878
-4.509857
1.915364
3.753232
-5.986409
4.660382
-3.733892
-1.663359
6.847699
-3.694162
-2.920224
-12.342208
-0.880044
2.068426
-4.918904
2.276934
3.745766
-5.803513
4.631802
-3.637728
-2.047570
7.155574
-4.311681
-2.980979
-12.370893
-1.085216
1.766563
-5.049615
2.036501
3.526445
-5.695423
4.393010
-3.412461
-1.680454
7.211545
-4.187984
-2.868738
-10.878103
-0.785513
2.229915
-4.840185
2.150094
3.357915
-4.859691
3.770192
-3.138006
-1.613670
6.458436
-3.658772
-2.335168
-11.369883
-0.599653
1.843537
-5.517701
1.503670
3.407447
-4.752095
2.440972
-4.424001
-1.621957
6.836121
-3.686656
-2.891662
-10.922335
0.343661
2.859609
-6.568609
1.018605
4.222755
-4.814927
4.436155
-3.277039
-0.460451
6.388775
-3.593011
-2.643399
-11.656945
-0.110661
2.543468
-6.173696
1.819590
4.988967
-4.274363
4.437767
-4.137840
-1.073525
7.048833
-3.572282
-2.341461
-11.312193
-1.210230
1.501720
-5.335664
1.865021
3.852692
-3.572189
3.621739
-3.347798
-1.288558
6.640992
-3.730920
-2.181801
-10.829611
-0.393536
2.539690
-4.849838
2.496210
4.406751
-3.724512
3.818082
-3.581935
-1.323087
6.902461
-3.210293
-2.185661
-11.977624
-0.754548
1.942954
-5.686649
1.948005
4.633704
-4.459814
4.450620
-4.053156
-1.612990
6.698429
-3.924123
-2.382128
-11.516970
-0.259533
2.548452
-4.630226
2.566514
4.241372
-4.578140
4.554635
-2.720295
-0.921524
7.654710
-3.913620
-2.959045
