three
ben
2
-9.953933
0.749050
-0.286787
-5.358621
-1.778532
2.411581
0.031825
-0.098995
-2.131049
2.844266
5.821013
-2.380949
-4.403800
-11.634140
-0.454793
-0.110775
-4.834625
-0.247349
2.975195
-1.019440
1.714649
-2.133825
1.889696
5.446506
-3.266492
-3.770276
-11.705261
-1.350708
-1.796059
-5.648673
-1.619878
3.275334
1.705193
0.884205
-1.689129
3.053872
4.525924
-3.060964
-3.274007
-12.717709
-4.103938
-5.400089
-3.814044
-1.671065
3.074217
5.042317
1.079548
-0.871227
3.375998
2.038258
-3.341740
-2.401819
-14.041989
-5.752651
-7.362833
-1.687675
0.672438
3.784818
6.694405
-0.616836
-3.063742
0.868345
4.308990
-4.076907
-2.540341
-14.046962
-6.407841
-7.415220
-1.038877
1.555382
2.932402
5.380141
-0.771786
-3.063057
-0.170756
5.829026
-3.818861
-2.009626
-12.574582
-4.322513
-3.813548
-1.282176
2.293364
3.049912
2.016759
0.217672
-2.944193
-0.788525
5.911302
-3.697068
-2.423191
-11.515233
-2.366035
-0.903474
-2.781074
2.463672
3.856422
0.414849
1.080891
-3.409842
-0.837646
6.488888
-3.174897
-2.355996
-10.519908
-1.289543
0.511461
-3.758197
2.002833
3.268861
-1.297519
1.291065
-2.718478
-0.248762
6.849159
-2.925535
-2.377136
-11.817266
0.613731
2.387723
-5.057859
1.871353
4.907254
-4.469830
3.726362
-4.305682
-0.487067
7.439706
-2.882252
-2.865346
-11.948339
-0.059889
1.881155
-5.174971
1.557517
3.939066
-3.996702
3.458769
-3.370626
-0.189785
7.802592
-3.146967
-3.276533
-12.018041
0.411002
3.085329
-5.791727
1.666778
4.230601
-5.242134
5.144099
-2.476662
0.186174
8.046762
-3.145514
-3.222344
-11.515712
0.161963
2.849735
-5.949145
1.595982
4.370925
-4.512667
4.555203
-2.987354
-0.117811
7.661651
-3.064131
-2.699547
-11.622216
-0.594229
2.028340
-4.592476
2.304715
3.995881
-4.313419
4.218741
-2.712627
-0.544467
7.826220
-3.240431
-2.380665
-10.508705
-0.123440
2.584805
-5.252781
2.021760
4.379408
-3.284157
3.641633
-3.060913
-0.456870
7.062490
-2.932086
-2.052444
-10.190289
-0.717414
1.047319
-3.867797
1.630701
3.211769
-2.657236
2.575646
-2.724255
-0.862706
6.052887
-3.138880
-2.384068
-10.465799
-0.028717
2.773326
-4.741807
2.255003
4.351799
-4.017098
4.250669
-3.073483
-1.065481
6.147728
-3.194504
-2.240378
-10.711373
0.458151
3.238024
-5.874855
1.624414
4.139642
-5.029427
3.910760
-3.445010
-0.728370
6.817852
-3.161793
-2.368955
-11.270041
0.318834
2.912915
-5.285156
2.242018
4.797305
-4.338704
4.330091
-3.498906
-1.157961
6.871078
-4.051780
-2.913628
-10.851768
-0.614832
1.799374
-3.795010
2.504699
3.760320
-3.475720
3.807508
-2.261257
-0.945255
6.827861
-3.628541
-2.538701
-10.496383
0.215026
3.210847
-4.784882
2.460218
4.185071
-4.278561
3.937542
-2.995445
-1.287218
6.151365
-3.835675
-3.006794
-11.494910
0.018684
2.956774
-4.626392
2.709991
4.604412
-4.771678
4.774528
-2.948100
-1.128773
7.103753
-3.639856
-2.688489
-11.148816
-0.064194
2.937338
-5.517730
1.923749
4.228114
-4.990560
4.406092
-3.316878
-1.058390
6.608530
-3.061940
-1.961203
-11.073251
0.495757
3.129111
-5.421139
1.964946
4.903801
-4.273313
4.580848
-3.256247
-0.431049
7.127110
-2.641183
-1.961104
-11.113482
0.126436
2.708452
-4.125952
2.707781
4.758958
-3.947884
4.579764
-2.810388
-0.312547
7.672862
-2.467182
-2.151365
-11.209178
0.958755
3.961931
-5.094046
2.881482
5.554724
-4.711626
4.938555
-4.080738
-1.388240
6.726480
-3.664777
-2.958411
-11.558269
0.367150
3.185128
-4.974522
2.366822
4.331272
-5.609076
4.809879
-3.136233
-0.750319
7.674941
-3.246447
-2.733902
-11.769886
-0.566127
2.078313
-5.150923
1.938305
3.709677
-4.650406
3.512416
-3.540039
-1.081443
7.430912
-3.499248
-2.895730
-10.528398
0.547509
3.111941
-5.891245
1.216009
3.726410
-5.188622
3.253131
-3.724863
-0.613699
6.844233
-2.787136
-2.443551
-11.295040
0.899114
3.534047
-4.934943
2.555586
5.009144
-5.440684
4.666832
-3.955187
-1.160593
7.336099
-3.445771
-2.792823
-11.468899
0.054258
2.589110
-5.087587
1.790774
3.885931
-5.025672
4.332103
-3.065804
-1.135064
6.846647
-4.025831
-3.069937
-11.096850
0.332624
2.639631
-4.281111
2.230299
3.771289
-4.748053
3.592646
-3.330052
-1.097630
7.369512
-3.337226
-3.056424
