Sky
Brooke
2
-7.770626
2.378739
2.420056
-5.760699
-1.879695
3.000989
-0.273701
2.394300
-0.374202
3.989886
2.003413
-1.935484
-3.599869
-7.905776
2.336166
2.741864
-4.670246
0.368410
5.060853
0.529625
2.711514
-1.799091
2.281267
2.262884
-1.718900
-2.760565
-5.822683
2.624538
0.730336
-4.330298
-2.231702
3.241636
1.944699
0.082263
-1.427874
3.558224
1.029335
-1.119633
-3.320045
-4.913894
3.142233
0.691393
-2.847020
-2.098789
2.373887
1.383439
-1.632623
-1.967607
2.872646
0.673489
-0.966855
-4.339568
-4.517252
3.651111
0.772390
-3.787261
-3.367572
1.427725
0.219210
-2.271067
-2.321765
3.212557
-0.082249
-0.452935
-4.195425
-4.561661
3.524584
0.824196
-3.601340
-3.112495
1.410119
0.163187
-2.038868
-2.127342
3.015989
-0.182483
-0.740776
-4.194446
-4.816856
3.410027
0.947298
-3.212932
-2.551539
1.647801
0.324224
-2.200169
-2.271947
2.545580
0.304052
-1.373694
-4.600124
-5.054217
2.703251
0.902135
-2.333434
-1.631492
1.668834
0.441865
-1.647924
-1.945334
1.753209
0.116636
-1.907928
-4.299810
-5.469635
2.367659
1.036878
-1.338914
-0.250481
2.584136
0.908995
-0.916940
-1.852461
1.248017
0.238790
-2.340830
-4.290473
-6.304785
1.841014
1.238942
-0.390981
1.569039
3.989383
1.764539
-0.187249
-2.080683
0.617219
1.011193
-2.574563
-4.093879
-8.021729
-0.465535
-0.677220
1.587859
3.399751
3.963298
3.375046
-0.374930
-1.639325
-0.192312
2.851372
-2.968518
-3.930354
-9.296355
-1.067027
-0.885624
2.919651
5.064672
3.971598
3.194368
-0.537653
-2.018438
-0.539818
5.143707
-2.419506
-3.559711
-10.421979
-1.429011
-0.386646
3.281623
6.199184
3.829985
1.618742
0.018666
-1.971829
-0.724339
6.245123
-2.779788
-3.893757
-10.230808
-1.023735
1.089618
0.720962
5.106267
3.556783
-1.246850
1.326318
-2.590686
-2.118642
5.498356
-3.524764
-3.093863
-10.486141
-2.425915
0.053434
-0.985385
3.972183
2.636513
-1.551147
1.387719
-3.068881
-2.956015
4.841680
-3.924437
-2.187907
-9.382758
-0.560976
2.176883
-3.915067
2.399111
3.967855
-1.598621
3.132116
-2.447324
-1.230489
3.881739
-3.529574
-2.284619
-9.632083
0.724150
3.434628
-4.599295
2.463326
5.338182
-1.486532
3.203431
-3.088973
-0.673810
4.538974
-3.233386
-3.063399
-9.303834
1.672262
4.194887
-4.580270
2.612336
5.620082
-1.738398
3.181709
-3.294698
-0.222152
4.984900
-2.776139
-2.997811
-9.509490
1.477987
3.986291
-4.539686
2.642058
5.720280
-1.566392
2.825075
-3.456520
0.018048
5.180828
-2.551657
-3.091271
-9.868947
0.780111
3.343256
-4.857096
2.346464
4.998321
-2.146217
3.156412
-3.152607
-0.336526
6.015119
-3.191249
-3.309555
-10.045877
1.799563
4.418733
-5.284723
2.434327
5.903040
-2.290981
4.131316
-3.157973
0.060802
5.816916
-3.182874
-3.651804
-9.584118
1.384090
3.772918
-3.742656
3.034007
4.822294
-2.590636
2.546768
-3.338545
-0.487009
6.515133
-2.826743
-3.599583
-9.583035
1.211233
3.816436
-4.185624
2.779510
4.718654
-2.789157
2.290968
-3.444148
-0.153670
7.013815
-2.245552
-2.531311
-10.314342
0.988445
4.186427
-4.285001
3.395518
5.408940
-3.440476
4.538619
-2.670487
-0.399887
6.017372
-3.107546
-3.203614
-10.345024
0.484322
3.528735
-3.469379
3.640920
5.156127
-2.672546
4.104036
-2.493494
-0.670456
5.704443
-3.142617
-3.091162
-11.366020
0.416274
3.441313
-4.289716
3.090639
5.304541
-3.578339
5.037348
-2.619864
-0.520336
5.879140
-3.355514
-3.327115
-10.656613
1.395906
4.197288
-5.538441
2.497113
5.791991
-3.475878
4.725452
-3.170275
-0.060467
5.959110
-3.292367
-3.447890
-10.391224
0.690794
3.590123
-4.400054
2.947515
4.989554
-2.959853
4.499847
-2.322911
-0.454175
6.185365
-3.809858
-3.502989
-10.481754
1.090045
3.848621
-4.314841
3.134314
5.817244
-2.772781
4.358613
-3.120871
-0.363472
5.754330
-3.187677
-3.504026
-10.008864
1.042284
3.831460
-5.261622
2.174507
4.644312
-3.579427
3.970420
-2.734950
0.065894
6.572161
-2.886092
-3.048567
-9.761651
0.547479
2.620669
-4.075392
1.614007
2.992565
-3.697092
2.887542
-1.794804
0.505661
7.092547
-2.363302
-2.891878
-9.492558
1.648245
3.706430
-4.127243
1.866238
3.549771
-4.198040
2.909217
-2.432496
-0.038847
6.657423
-2.931720
-3.495967
