Fit
Briggs
0
-8.933232
-1.360173
-0.812490
-2.115278
0.540200
1.587239
-1.203465
1.258232
-1.194828
0.217924
3.606702
-1.254183
-1.065066
-11.101181
-1.775378
-0.092016
-3.481145
1.759362
3.264733
-1.567230
2.762248
-2.132929
-0.156469
6.230474
-2.658005
-2.020429
-10.199676
-1.447681
-0.057412
-2.650449
2.026043
3.168394
-0.781237
1.593562
-2.678825
-0.626528
5.699451
-2.466508
-1.745438
-11.899052
-2.007038
-0.468229
-2.850888
2.202415
2.170742
-2.686373
1.055079
-2.871989
-1.162946
7.254432
-3.860895
-3.500120
-10.589024
1.009912
2.585066
-4.760888
1.125212
4.059413
-4.006663
3.326198
-3.135582
-0.206463
5.790067
-2.874046
-2.689695
-8.232017
0.389365
1.287224
-3.249396
0.818733
3.158977
-0.731463
1.740147
-1.488413
0.621973
3.934493
-1.824488
-1.881562
-7.977405
-0.181618
0.351382
-2.523985
0.420686
2.237491
-0.093288
1.939590
-0.245309
1.191924
2.909410
-0.963905
-0.931418
-9.236565
-0.560701
0.477318
-3.287186
0.543422
2.725919
-0.607344
2.512665
-0.932119
1.069812
4.120697
-1.431450
-1.320473
-10.524308
-1.046661
0.338800
-3.640616
0.966257
3.156665
-1.626483
2.861592
-1.771974
0.843862
5.665287
-2.092200
-1.886978
-12.835382
-1.026207
0.953866
-4.473847
1.531452
3.757865
-5.361915
5.162837
-2.902945
-0.672711
6.650160
-3.577034
-3.062303
-11.468621
-1.211776
0.893453
-3.757851
1.867191
3.460157
-3.932057
4.262354
-2.529060
-0.949214
5.916617
-3.299812
-2.247474
-10.926120
-1.139661
1.302485
-3.657447
2.150676
2.996705
-3.606239
3.692657
-2.034042
-0.821615
6.070544
-3.522272
-2.679868
-11.387630
-1.870074
-0.039267
-2.775607
2.384703
3.030385
-2.295806
2.322781
-2.676425
-1.260072
6.289978
-3.898668
-2.849144
-10.665947
-2.462360
-1.064824
-1.613472
2.264829
1.897662
-1.132210
0.614048
-2.047140
-0.499444
6.726235
-2.855336
-2.451709
-12.139974
-3.094044
-1.169047
-2.560377
2.350853
2.584993
-1.952517
2.155449
-2.388013
-0.729690
7.025797
-3.489712
-2.703305
-10.401264
-1.694428
-0.329760
-3.399563
1.187611
2.974960
-0.338473
1.866918
-1.999576
0.331940
5.519250
-2.607959
-2.268307
-10.715384
-0.978433
1.039458
-3.793928
1.575953
3.778034
-2.070786
3.988785
-1.329402
0.717659
5.804469
-2.199291
-2.097292
-9.837997
-0.202753
2.008384
-4.343597
1.198822
4.075036
-1.666333
3.250057
-1.927748
1.025937
5.161710
-1.638652
-1.890707
-9.146206
0.139986
1.839470
-5.107202
0.557680
3.942237
-1.209411
2.787977
-2.106882
1.221438
5.044189
-1.689377
-1.696102
-9.749952
0.195455
2.783229
-5.260828
1.168218
3.252837
-3.602882
2.794635
-2.469606
0.122512
6.222801
-2.490392
-2.191811
-9.798642
0.562589
3.350137
-4.787949
2.220835
4.027822
-3.454899
3.046695
-2.784261
-0.399811
6.472132
-3.035783
-2.904795
-10.960297
0.397366
3.064706
-4.985098
1.880979
3.595622
-4.685220
2.961574
-3.363815
-0.790441
7.451662
-3.177222
-3.179244
-11.335546
-1.594916
0.981419
-4.264608
2.093961
2.853674
-3.190778
2.633124
-2.786745
-1.120981
7.047708
-3.547140
-2.425560
-11.056175
-1.373790
0.957290
-5.057314
1.405795
2.863845
-3.065593
2.447349
-2.696955
-0.440386
6.992480
-3.340914
-2.706264
-10.544098
-0.545073
2.093316
-5.095035
1.779877
3.394491
-3.640831
3.281718
-2.766742
-0.757641
6.926638
-3.268746
-2.334444
-10.996464
-2.337979
-0.313431
-3.028604
2.309454
2.342729
-1.747943
1.364025
-2.538168
-1.019680
7.114534
-3.209215
-2.152132
-10.233352
-1.396452
0.946461
-2.608041
2.833140
2.881311
-2.108158
2.462682
-2.068190
-1.188584
6.121579
-3.369577
-2.089175
-11.377145
-0.434134
2.273499
-3.568879
2.834859
4.175092
-3.985336
3.657834
-3.153960
-0.877079
7.363655
-2.724637
-2.231454
-11.703007
-1.518318
1.250676
-4.632993
1.921174
3.128800
-4.129689
3.380750
-2.884348
-1.065401
7.088546
-3.293421
-2.218196
-11.314227
-0.864251
1.746425
-5.402720
1.428780
3.468771
-4.075635
3.485826
-2.933890
-0.293645
7.143388
-2.742885
-2.080372
-11.412362
-0.881509
1.736335
-5.127039
1.579046
3.259792
-4.009172
3.166012
-2.804723
-0.336588
7.374151
-2.716904
-2.189185
-10.205684
-0.090124
2.556581
-5.275062
1.384723
2.738521
-4.720621
2.701207
-2.839107
-0.703798
6.396784
-3.029848
-2.495571
