Cat
Yuyu
2
-10.256200
-3.212880
-3.525423
-1.033291
1.819570
2.305106
2.687299
-1.249765
-2.914703
-0.602445
5.616952
-2.909699
-2.528771
-9.821578
-2.423166
-2.945968
-0.829888
1.985105
4.577777
4.798991
-0.078676
-2.194795
0.515616
3.786407
-3.055679
-3.261590
-7.675402
-0.777223
-2.282614
-1.434220
0.477667
4.092385
5.083310
-0.793601
-1.749442
1.747157
3.001735
-2.227541
-3.257415
-6.583510
0.703806
-1.231508
-1.496556
0.034664
4.337120
5.012648
-0.272553
-0.798784
3.100210
2.745159
-1.390915
-3.291213
-7.096944
0.800797
-0.869491
-1.430032
0.688338
5.081184
5.258005
-0.184396
-0.962940
3.174645
3.608978
-1.538005
-3.561447
-7.788003
1.239980
0.802316
-3.035872
0.841083
5.673188
3.497733
1.171037
-1.075888
3.461314
4.681820
-1.053058
-3.060225
-9.009288
0.675882
1.426345
-3.455230
1.554222
5.354115
1.116140
2.090467
-2.015139
1.858009
5.812910
-1.780466
-3.165698
-10.039738
0.010583
1.482387
-4.587199
1.364618
4.736278
-0.525116
2.922850
-2.049570
1.071403
6.298660
-2.608226
-2.965074
-9.031213
0.381334
1.417681
-3.950160
0.692117
3.787566
-1.555190
3.169550
-1.506757
1.233114
4.476563
-2.146249
-2.606112
-10.523032
-1.207554
0.109736
-2.256034
2.246296
3.195922
-1.879327
2.708054
-2.254763
-0.703921
5.614828
-3.375897
-3.162479
-10.402385
-1.149773
0.095909
-2.564586
1.672958
2.433900
-1.639937
2.162627
-1.455683
0.278661
5.699482
-2.997229
-3.410378
-9.102325
-0.594190
1.471014
-2.812415
1.584405
1.388733
-2.716265
2.620463
-0.167398
0.470654
4.936553
-2.539489
-3.012581
-11.111413
-0.959222
0.914389
-3.744698
1.700905
3.319806
-2.896725
3.055041
-2.387524
-0.032565
6.786844
-2.973858
-2.793442
-10.814677
-0.472585
1.246373
-3.574965
1.817248
3.149973
-2.905324
2.871383
-2.101772
-0.205399
6.146038
-3.488521
-3.492517
-9.651437
0.526089
2.121704
-4.688166
1.216303
3.746467
-2.544966
2.943715
-2.215067
0.372271
6.225132
-2.993764
-3.165351
-10.031121
0.418157
2.675528
-5.404424
1.876475
4.627050
-2.651397
2.979382
-3.489416
-0.504166
6.983095
-3.162011
-2.461667
-9.601598
0.995621
3.624779
-5.500252
1.868907
4.647470
-3.475050
3.284710
-3.566456
-0.555911
6.432344
-2.909784
-2.205075
-10.858841
0.501521
2.999397
-4.758379
2.330312
4.217698
-4.447925
3.049264
-3.928566
-1.328550
7.214714
-3.894205
-3.368322
-10.295270
0.407788
3.061073
-4.860032
2.174980
4.116529
-3.945320
2.876855
-3.451689
-0.503713
7.496622
-2.620969
-2.354987
-10.857203
-0.520081
1.934492
-5.952573
1.329337
3.880723
-3.495094
2.662388
-3.996786
-1.052090
6.723175
-3.410790
-2.410367
-11.087823
-0.590174
2.053922
-4.548140
2.386412
3.891827
-3.569868
2.938984
-3.436351
-1.022488
7.726820
-3.232896
-2.394864
-10.772874
-0.607518
2.284783
-4.575342
2.429795
3.732254
-3.883944
3.075340
-3.467086
-1.303207
7.040308
-2.930584
-1.658458
-10.473208
-0.200346
2.514897
-5.200726
1.870292
3.726699
-3.704023
2.894913
-3.215746
-0.560386
7.243544
-2.991475
-2.361691
-10.656676
0.211371
2.816761
-4.295642
2.843689
4.463678
-3.457753
3.555963
-2.996244
-0.894525
7.741247
-3.750716
-3.082612
-10.932969
-0.388844
2.315323
-4.114418
2.882870
4.175852
-3.337075
3.073107
-3.297559
-1.103057
7.641363
-3.392148
-2.600930
-10.784953
-0.531405
2.233467
-5.281008
1.895916
3.984881
-3.548344
3.266267
-3.267975
-0.540686
7.202816
-2.724601
-1.751051
-10.840370
0.103322
2.602868
-4.587617
2.394637
3.885529
-4.006886
2.835921
-3.457191
-1.156514
7.766917
-3.800867
-3.230179
-10.541524
0.326889
2.952182
-4.550193
2.332447
3.529444
-4.508070
3.098496
-2.911724
-0.732586
7.786134
-3.401146
-3.007637
-10.549359
0.281790
3.004969
-5.224723
2.044410
3.825985
-4.654241
3.551572
-3.074739
-0.659851
7.361849
-3.257756
-2.531190
-11.083558
-0.234143
2.554934
-5.218708
1.917170
3.557769
-4.954584
3.245024
-3.661256
-1.326283
7.239836
-3.682142
-3.060377
-10.434967
0.407133
3.288364
-5.554227
2.000053
4.338743
-4.172085
3.510816
-3.764847
-1.454593
5.935198
-3.931446
-2.759389
-10.047938
0.863885
3.652438
-5.155748
2.252087
4.425476
-4.186908
3.222507
-3.933249
-1.597421
6.160706
-3.703257
-2.569925
