Crazy
Yuyu
0
-7.957882
1.876081
2.416848
-2.582156
0.618067
2.071156
-3.351254
-2.640210
-4.790750
-0.641322
4.105317
-1.380001
-2.860680
-7.002443
0.854554
0.147032
-3.995362
-2.025257
0.841999
-1.664904
-2.543497
-3.371947
1.346833
3.326112
0.317412
-1.724970
-7.178151
1.665594
2.242435
-5.031027
-0.864388
2.386027
-2.431364
-0.361646
-3.052026
1.506007
4.246819
-0.004084
-1.104794
-5.744411
7.248754
4.520710
-8.752432
-4.071094
5.436339
0.153525
-0.965155
-4.039907
5.149847
4.078536
0.695350
-2.755186
-7.788734
2.256710
-0.003394
-5.740905
-1.765652
5.582967
3.906633
0.237850
-1.113700
5.571222
5.467732
-0.709643
-3.075721
-10.517183
-2.090269
-3.470359
-3.567135
-0.198117
5.415792
6.354973
1.540561
0.255173
4.647886
4.229509
-2.159267
-2.936376
-12.701844
-3.214791
-4.033692
-3.206382
0.610318
5.493712
5.504890
1.579490
-1.122577
2.675900
5.336831
-3.465119
-3.944658
-12.583587
-3.330172
-3.035382
-3.048576
1.223114
5.771360
4.460579
3.099824
-0.596083
2.270218
3.711116
-3.803927
-3.225369
-12.329061
-3.182656
-2.012042
-2.217012
2.130860
5.097228
2.002805
3.546807
-0.673415
1.185570
4.469386
-3.114021
-2.628312
-10.123017
-0.551582
0.516979
-3.141922
1.836234
4.692519
-0.426656
3.273357
-1.925777
0.332267
4.935481
-3.709519
-3.327074
-11.058734
-3.399382
-1.894446
-1.065126
2.816667
2.102589
-0.454872
2.000701
-1.109679
-0.837595
6.220749
-3.894130
-2.867524
-10.775910
-1.427879
-1.238441
-3.352024
0.721561
4.046304
-0.057798
2.642793
-2.194135
1.565879
6.054063
-1.712061
-1.871226
-14.042860
-5.473872
-6.078747
-1.343635
1.935103
4.158728
4.218187
1.352697
-1.735663
1.069874
6.215383
-4.105724
-2.968831
-16.434992
-9.467882
-10.395253
3.346288
3.921396
2.497115
6.801973
-1.857743
-2.096322
-1.313339
7.394687
-4.492060
-3.155190
-16.265343
-7.919578
-7.768512
3.172017
5.104304
3.334538
3.994308
0.205408
-2.531246
-1.867313
7.986198
-3.893228
-2.842677
-16.886892
-8.147995
-7.212021
4.361791
6.635825
3.047218
2.695171
0.978062
-2.370538
-2.847168
8.726812
-4.108520
-2.616805
-15.496981
-5.075982
-3.992546
2.333699
5.794912
2.678246
-1.474489
2.112955
-2.978971
-2.439720
9.596946
-3.664222
-2.894159
-14.112207
-3.001913
-1.851878
-1.898064
3.610142
4.285532
-1.762486
2.440553
-4.845228
-1.991201
8.247834
-3.867446
-3.021112
-13.917289
-3.206991
-1.502283
-2.463030
4.227497
4.848705
-0.163320
1.969934
-3.693191
-1.332355
9.438769
-4.723769
-3.375208
-12.437744
-0.526266
1.816152
-4.658973
2.860124
4.857995
-4.241932
4.049826
-3.832130
-1.155406
8.435131
-4.307083
-3.343224
-12.060652
0.594578
2.912727
-4.767788
2.062683
4.587180
-5.851987
4.557734
-4.074040
-1.151219
7.676610
-3.763025
-3.792433
-9.690467
0.851349
2.487562
-4.414397
1.468927
4.218222
-3.309333
3.160998
-3.457198
-0.729327
5.815141
-2.994209
-2.783643
-12.738996
-0.835426
1.903672
-5.531209
2.348858
4.789026
-4.700910
4.297714
-4.002759
-0.801057
8.528950
-3.830617
-2.843506
-12.478109
-0.331810
1.420087
-5.213805
2.428168
5.908414
-2.493318
3.329844
-5.020967
-0.943601
8.282176
-3.693612
-2.955523
-11.657993
-0.539476
1.361920
-6.336433
0.852193
5.322893
-2.728490
3.528808
-4.982990
-1.335520
4.985557
-3.480997
-1.634146
-10.434542
-0.524964
1.412609
-5.469471
1.217739
4.031824
-2.403454
2.676011
-3.470409
-0.310404
6.794543
-2.947788
-2.251722
-12.346282
0.081098
2.679428
-6.828877
1.295448
5.341094
-5.431174
5.145617
-4.936713
-1.550572
6.305004
-4.036952
-2.626973
-11.590311
-0.899367
1.816168
-5.775360
1.665146
3.669333
-4.708433
3.624847
-3.471220
-1.137481
7.043473
-4.019486
-2.691098
-10.032042
0.262314
3.048657
-6.804343
0.901471
3.970177
-4.461526
4.078027
-3.158480
-0.609408
5.637417
-3.249276
-1.782745
-11.354605
-1.030231
1.869335
-6.680999
0.858126
3.270085
-4.563406
3.167405
-3.085459
-0.214382
7.046443
-2.843092
-1.744446
-11.282609
0.092021
2.963046
-5.283756
1.979112
3.861812
-5.555755
4.574465
-3.179940
-1.480351
6.628554
-4.434628
-3.372660
-10.890767
0.743792
3.231277
-6.279742
1.612690
4.988388
-4.207982
3.746015
-4.281491
-0.698670
7.435454
-3.455732
-2.935792
