Share
Briggs
0
-18.229347
-12.442244
-12.996154
5.074773
4.629509
-0.645592
5.684990
-5.065005
-4.352276
-3.532288
8.452330
-4.386436
-2.296543
-14.901050
-10.965191
-13.408114
5.741474
2.997243
-1.792043
6.381241
-5.279763
-2.498255
-2.418250
6.084594
-3.410780
-1.996884
-16.783369
-12.246235
-13.673304
3.857966
3.324124
-1.102203
5.972380
-2.978669
-2.405374
-2.508933
6.423831
-4.833187
-1.983366
-15.652079
-11.306674
-12.772566
4.873045
3.851813
-0.615292
6.554609
-2.492768
-1.771430
-1.819942
5.919016
-3.699142
-0.975385
-13.964682
-7.512804
-6.840351
-0.072602
3.271947
2.835088
3.995070
0.410674
-3.010330
-2.015740
5.533648
-4.074018
-1.196080
-11.873264
0.395420
1.152807
-7.461356
-0.387152
5.363018
-0.627625
3.956683
-1.113731
3.089877
6.500011
-3.517318
-3.462493
-9.784224
1.004390
0.761971
-6.189273
-1.764406
4.221725
1.792363
4.005432
1.701654
5.572900
3.164848
-1.099644
-2.476608
-8.960406
1.903541
0.667206
-5.991478
-2.500576
3.581060
1.981281
3.661578
1.956774
6.591602
2.520794
-0.718383
-2.699265
-8.141937
2.592922
1.402146
-5.353480
-2.707560
2.962867
1.391755
3.752642
2.890885
6.787738
1.612930
-0.995903
-2.156926
-7.437054
4.843970
3.678169
-5.916925
-3.787381
3.114220
0.394137
4.509633
3.276067
7.929891
0.568761
-0.092935
-2.142794
-6.089000
5.961631
5.040092
-5.451860
-3.356988
2.938698
-0.945589
4.473840
2.957712
6.854037
-0.373559
-0.343023
-1.645030
-6.114073
7.521331
7.208053
-5.129012
-3.695749
1.249887
-4.260552
4.652204
3.528661
7.190090
-0.678510
0.857284
-1.243899
-5.015830
10.348705
9.035750
-7.595840
-4.551052
3.063700
-4.977180
4.505724
1.442283
7.805637
-0.590630
1.339324
-1.911795
-4.913277
10.937711
9.817799
-7.332948
-3.928039
2.495500
-6.653127
3.758709
0.921590
7.211703
-0.290089
1.867675
-2.122522
-5.084559
10.459477
9.679688
-6.674958
-2.592009
2.285019
-7.483756
2.689238
-0.091499
6.186940
1.330912
2.032792
-2.726903
-5.662954
8.991187
9.354753
-7.166600
-1.677937
3.112873
-7.088520
3.934087
-0.398434
5.138072
2.583097
1.094664
-2.985958
-7.765796
5.644960
6.960032
-6.087718
0.004495
4.369310
-6.641820
4.799242
-1.636998
3.204742
5.000963
0.236426
-2.573118
-5.668746
4.900504
6.522860
-4.303363
0.987094
3.883742
-4.501661
2.747303
-1.941259
1.443911
3.706811
-0.852859
-2.616268
-9.986821
-0.908130
0.681737
-4.197130
0.706232
2.294928
-3.609693
2.951560
-1.997667
-0.104548
5.309988
-2.408131
-1.866610
-11.813773
0.637114
2.855040
-6.211772
0.704380
4.837436
-6.542158
6.712450
-3.360870
-0.419485
5.246784
-2.876878
-2.145178
-13.790368
0.110886
2.930054
-5.669265
1.765763
5.100602
-8.278594
7.504439
-3.842950
-0.848403
7.567751
-3.070482
-2.616347
-12.209931
-0.590805
2.058536
-5.762877
1.166714
3.612251
-6.550435
5.479580
-3.346993
-1.352507
5.938197
-3.873399
-2.663541
-10.368482
-0.239256
1.964419
-5.814823
1.002203
4.204043
-3.433690
4.098114
-3.222904
-0.547704
5.357615
-3.254066
-2.261850
-11.206137
-0.366764
2.125240
-4.514008
2.269816
4.682445
-4.107499
4.558268
-3.551391
-1.177134
6.197724
-3.485437
-2.701582
-12.303355
-1.032657
1.899874
-7.469592
0.410263
3.622327
-5.796820
4.781519
-3.596420
-0.593942
6.883529
-2.879471
-1.662468
-11.255991
-1.010792
1.480134
-6.203819
1.055389
3.571734
-3.687874
3.267668
-3.562763
-1.291128
5.823980
-4.611320
-3.584656
-10.792462
-0.668292
1.854771
-4.799694
1.681201
2.594388
-4.694988
2.560328
-3.063116
-1.438048
6.732615
-4.075897
-3.175160
-10.732345
0.337692
3.033204
-6.496318
0.927542
3.471833
-5.312641
3.419653
-3.751200
-1.102353
6.370258
-3.610994
-2.663191
-10.580206
-0.328316
2.486408
-5.562424
1.648709
3.522197
-4.619620
3.276433
-3.572306
-1.097525
6.622297
-2.989737
-1.934100
-10.687682
0.163516
2.505733
-5.811987
1.600708
3.911901
-4.227419
2.599360
-3.923318
-1.215906
6.809097
-4.036733
-2.987201
-11.974826
-1.132218
1.445081
-4.513015
2.861481
4.707320
-3.358621
3.831523
-3.506901
-1.098976
7.733894
-4.129489
-2.912083
-10.972342
0.110005
3.001962
-6.194993
1.590153
4.449029
-4.998764
4.512137
-3.690634
-1.074363
6.378202
-3.599739
-2.363037
