Sky
Lyn
4
-9.878718
-0.364008
1.608367
-4.856317
0.920854
3.282427
-2.211991
2.601225
-2.190796
0.073171
4.837929
-2.664433
-2.294661
-9.167589
0.605025
2.398949
-4.350954
1.425805
3.908770
-2.197951
3.148402
-2.163901
-0.000974
5.257125
-2.940107
-2.528852
-7.108000
1.859743
1.673951
-3.778103
-0.097270
4.009702
0.155062
0.771261
-2.702536
1.002546
2.548898
-1.573881
-2.044504
-6.853762
2.927230
2.536935
-4.168803
-0.128112
4.662443
0.491011
0.888116
-2.735709
1.760739
2.755939
-1.704425
-3.296453
-6.958746
2.815797
2.396631
-3.924105
0.160609
4.379824
0.130644
-0.012529
-3.658670
0.828957
3.148684
-2.445923
-3.896478
-5.145513
3.683629
2.148320
-3.991138
-1.232731
4.020701
1.025153
-0.878219
-3.241766
1.850117
1.185729
-1.548815
-3.395959
-5.602680
4.008697
3.182250
-3.005352
0.179450
4.766025
0.771221
0.177975
-2.928333
1.335786
1.532462
-1.985568
-3.950610
-5.539384
4.119009
3.112285
-3.086456
0.177765
5.015540
1.141982
-0.058268
-3.344198
1.327597
1.381732
-2.115283
-4.124562
-5.596334
4.550816
4.154900
-3.220353
0.602158
5.112440
-0.042284
0.484154
-3.507664
1.281280
1.758631
-1.415653
-3.395280
-8.375353
3.407732
3.934580
-2.507021
2.787265
6.327774
-0.653276
1.895010
-4.200540
0.430596
3.857660
-1.768208
-3.744913
-9.427698
3.136762
3.335185
-0.462380
4.167197
6.690977
0.096241
1.834965
-3.999793
0.665612
4.973258
-1.354899
-3.911666
-10.111860
2.989676
3.715157
-0.171058
4.514112
6.497595
-1.017208
2.369734
-3.798672
0.675280
5.984069
-1.699077
-4.624314
-11.614603
1.589944
2.554585
-0.637589
4.159705
5.145318
-2.701204
1.855483
-4.552739
-0.521209
6.524938
-2.871314
-4.854385
-11.017615
1.938210
2.754458
-0.463630
3.982131
4.839719
-3.478783
2.390664
-3.993341
-0.608453
6.490291
-2.894378
-4.816035
-11.065860
1.596720
2.629413
-0.836145
3.870210
5.388799
-3.339440
3.164369
-3.921700
-0.719261
6.065765
-2.515970
-4.059567
-11.605693
1.113785
2.360267
-0.550374
4.357132
5.045236
-3.359104
2.948986
-3.682121
-0.717439
6.708460
-2.718911
-3.907081
-11.398770
1.374743
2.596216
-1.025633
3.983990
5.444697
-3.259357
3.202155
-4.104177
-0.642181
6.585242
-2.519624
-3.877603
-11.761191
2.956789
4.412450
-2.227085
3.763364
6.731662
-5.523845
5.269525
-4.843800
-0.755053
6.602999
-2.573739
-4.111736
-11.405045
2.399062
3.895634
-1.281770
4.298680
6.323463
-4.393359
4.430479
-4.428301
-0.889025
6.399850
-2.494312
-3.955194
-11.852995
2.470277
4.867846
-0.978889
5.544558
7.035797
-4.726570
5.382422
-4.264835
-1.118598
6.321048
-2.467456
-3.692728
-12.120899
0.899597
2.958958
-1.891078
3.877370
4.898627
-5.135266
4.452006
-3.685431
-1.137991
7.223162
-2.875531
-3.398924
-12.596899
1.923252
3.789202
-2.831619
3.685439
6.417706
-5.719416
5.721468
-4.615736
-0.855450
6.753616
-2.711985
-3.644193
-13.059749
1.569580
3.474123
-2.991160
3.693565
6.265890
-5.640820
5.583531
-4.571809
-1.168520
7.429254
-3.326893
-4.030492
-11.974365
1.418376
3.574366
-3.494456
3.348444
5.975893
-4.871474
4.781053
-4.526340
-0.915808
7.141199
-2.627665
-3.241338
-11.883186
1.061781
2.947862
-2.901134
3.388060
5.528586
-4.565847
4.706558
-3.931781
-1.046886
7.311434
-3.116352
-3.586765
-11.146492
1.179670
2.625627
-3.074464
2.559597
4.990161
-4.067647
4.097073
-3.679424
-0.802715
6.220184
-2.892200
-3.379367
-12.080584
1.611642
3.796146
-4.110222
2.752056
5.640388
-6.191280
5.897103
-3.995085
-1.011091
6.836299
-3.399778
-3.800472
-12.179004
2.167229
4.741286
-3.902810
3.587968
6.584868
-6.018371
6.158128
-4.292142
-1.015003
7.200330
-3.137124
-3.880037
-12.580594
1.935396
4.171027
-5.244788
2.401207
6.625338
-6.416556
6.659030
-4.425059
-0.459491
6.980638
-2.981678
-3.407693
-13.006102
2.234266
4.504001
-4.246646
3.215912
6.741762
-6.931713
6.212199
-5.100897
-0.858189
7.501719
-2.925297
-3.946562
-13.587624
1.010656
2.878178
-4.527182
2.413082
6.144527
-5.731417
5.848063
-4.383668
-0.600705
7.525380
-3.305429
-4.170632
-13.578089
0.768780
3.100625
-4.745524
2.832162
6.337495
-6.104800
6.376628
-4.453815
-1.065163
7.647048
-3.718199
-3.632404
