Fit
Yuyu
5
-10.970531
1.206327
2.348393
-3.928889
1.526365
4.544741
-3.969923
3.754446
-3.208125
0.526123
6.806109
-2.212249
-3.421507
-10.564683
-0.132743
1.338004
-3.029902
2.139854
4.268164
-2.635774
3.306919
-2.923242
-0.109276
5.710608
-2.428786
-2.865979
-10.911586
0.913336
3.220418
-4.226366
2.189268
4.705251
-5.133808
5.246764
-3.113720
-0.628905
5.158738
-2.872845
-2.644701
-10.376208
-0.914107
0.667914
-3.508957
1.351208
3.133816
-2.350694
3.025748
-1.605302
0.191705
5.358112
-2.561325
-2.469153
-9.166944
1.105955
2.133223
-3.158657
1.415793
4.783477
-1.190425
3.367022
-1.545246
1.401040
4.400177
-1.391840
-2.402968
-10.839568
-1.847567
-0.741335
-2.388172
1.843031
3.917955
0.521138
2.613277
-0.769293
1.146221
5.711458
-2.497438
-2.900820
-11.253991
-1.965466
-1.260448
-2.103285
1.618409
3.900866
1.255545
2.445746
0.042225
2.257018
6.335890
-2.124688
-3.133515
-10.687740
-0.508624
0.405080
-2.574670
1.698446
4.511028
-0.216775
3.218348
-0.664851
2.109013
5.972791
-1.967718
-3.245583
-10.953396
-1.146769
0.238534
-3.300777
1.770145
4.278539
-0.095891
2.407179
-1.433876
1.284745
6.307730
-2.538097
-3.265922
-11.352818
-1.033207
0.185997
-3.229942
1.679937
4.237877
-0.705690
2.553369
-1.548715
1.122812
6.506553
-2.907997
-3.732157
-10.494170
0.229873
2.000767
-3.818774
1.924963
4.442061
-2.323343
3.111183
-2.495309
0.162646
5.841873
-3.045662
-3.409369
-9.663518
0.590141
2.065179
-3.495510
1.732945
4.433856
-2.091015
3.122733
-2.483466
0.256733
5.139875
-2.346327
-2.646055
-9.873652
0.484700
2.445992
-2.651142
2.382179
3.631982
-3.774934
3.769367
-2.127880
-0.577440
5.333897
-2.724700
-2.842887
-10.046994
1.160470
3.532311
-2.594877
2.723911
4.116847
-4.703235
5.050330
-1.801962
-0.286365
4.927107
-2.255256
-2.682811
-9.962684
1.624351
4.109956
-2.693338
2.563281
3.959205
-5.960108
5.700958
-1.955747
-0.821155
4.352504
-2.181970
-2.361609
-11.568362
3.223041
6.424633
-4.049921
3.378997
6.481256
-8.125631
8.024573
-3.277000
-0.712741
5.682069
-2.348203
-3.185337
-12.415611
2.046964
5.171988
-4.546728
2.887304
5.739200
-8.219950
7.595614
-3.445844
-1.039705
6.349226
-2.824245
-3.040317
-10.973373
1.685565
4.104170
-4.151122
2.375179
5.047861
-5.908097
5.823532
-3.057124
-0.683620
5.279947
-2.463898
-2.393860
-12.160801
1.798824
4.979994
-5.603384
2.518140
5.923307
-7.089555
6.693371
-3.861426
-0.562471
6.843699
-2.505968
-2.608469
-11.326145
1.578934
4.263927
-4.519045
2.471217
4.990750
-6.708295
5.554195
-3.606299
-0.880093
6.624329
-2.964144
-2.927737
-10.503854
1.092985
3.245278
-3.649646
2.143731
4.076011
-5.137350
3.648470
-3.170491
-0.470355
6.363281
-2.301557
-2.513613
-11.062732
0.505213
2.537996
-3.625031
2.303221
3.782393
-4.550232
2.665118
-3.802070
-1.000144
7.254433
-3.022166
-3.054531
-10.217102
-0.290901
2.162089
-4.058412
2.018578
3.142125
-3.892031
2.933357
-2.654930
-0.923175
6.355689
-3.126760
-2.325735
-9.939274
-0.799057
1.042356
-2.995006
2.186082
2.893585
-2.462433
1.697829
-2.760142
-1.144497
6.063850
-3.220968
-2.491140
-10.076379
-1.042740
0.541480
-3.544487
1.591881
2.901894
-1.658063
1.523682
-2.693958
-1.018152
5.396151
-3.809982
-2.952342
-9.998788
-0.743507
1.118899
-4.282042
1.657786
3.302425
-2.092982
1.820369
-3.091691
-0.788792
6.397831
-3.119258
-2.298183
-10.576917
-1.225428
1.010580
-4.468353
1.831323
2.999809
-2.730308
2.098354
-3.095407
-1.146846
6.659029
-3.442557
-2.310467
-10.539406
-0.984663
1.471671
-4.979278
1.630997
3.276607
-2.922770
2.694068
-2.810302
-0.743442
6.503934
-3.464767
-2.465982
-10.322141
-0.709438
1.826332
-4.777183
1.869244
3.595669
-2.871607
3.230248
-2.549022
-0.746173
6.300354
-3.496233
-2.450575
-10.585134
-0.214347
2.335570
-6.280027
1.013059
3.670162
-3.858858
3.329509
-3.240981
-0.659354
6.245771
-3.548740
-2.548446
-10.613047
-0.280674
2.260857
-5.564142
1.589834
3.744892
-3.650848
3.334323
-3.050467
-0.846216
6.632587
-3.820350
-2.840018
-11.471940
-1.017190
1.636895
-4.605030
2.198620
3.328322
-4.104394
3.097523
-3.186159
-1.311938
7.386968
-3.712788
-2.558806
