Cute
George
5
-16.918699
-11.176145
-11.126132
6.343109
6.304407
-1.870919
4.774252
-3.160517
-0.825213
-3.227937
10.149356
-5.021531
-3.293843
-17.576492
-10.949847
-11.576763
6.782687
6.516586
-1.668991
5.600535
-3.726877
-1.353862
-2.752762
9.980462
-4.805758
-4.116796
-14.964023
-7.922977
-8.272271
3.585986
4.598882
0.520921
4.522934
-2.934291
-2.931928
-1.627213
7.475933
-3.843835
-3.192351
-13.715075
-4.188423
-4.606528
-1.778926
2.033577
5.043388
3.777557
0.472027
-3.686884
0.116739
5.349497
-3.704843
-2.627192
-12.752238
-3.625690
-4.441052
-4.571538
0.003113
5.083286
4.444413
1.478054
-2.564246
1.668454
3.639519
-3.977745
-2.192213
-11.696214
-1.882462
-2.350027
-5.918819
-1.145037
4.472311
2.368165
1.830202
-1.829762
2.279603
3.468087
-3.271475
-2.376629
-10.807439
0.198358
0.366582
-6.311123
-0.950418
3.950073
-1.197777
2.100185
-2.293008
2.285446
5.039324
-1.985022
-2.051298
-11.898975
2.182764
3.677063
-5.125511
1.605937
6.303588
-4.113351
5.610018
-3.113738
1.025452
6.236982
-2.326806
-3.443827
-11.418526
2.723177
4.754464
-6.003866
1.140312
5.659639
-6.228724
6.002426
-3.518917
0.465655
6.119054
-2.398929
-3.294253
-11.030461
1.962647
4.389114
-6.157622
1.384694
5.402970
-5.632315
5.393196
-3.736749
-0.144868
5.816551
-2.901279
-2.815050
-11.924541
-1.979942
0.068544
-2.539513
2.822781
3.171664
-2.497594
3.217140
-2.326454
-1.505759
6.657752
-3.506502
-2.247474
-12.963261
-3.273533
-1.245301
-0.801311
3.490938
2.307223
-2.990536
3.224305
-1.916526
-2.000162
7.109018
-3.682876
-2.288308
-11.286900
-2.167269
0.022442
0.391754
4.373761
2.658715
-2.123032
2.940611
-1.380711
-1.636303
5.995653
-3.099470
-2.161741
-12.076964
-0.397373
2.191671
-1.261020
4.183842
3.863539
-5.305618
4.924038
-2.340082
-1.987093
6.208725
-3.272235
-2.394233
-12.239188
-0.204858
1.784241
-1.832144
3.469262
4.379347
-5.166344
4.492406
-3.459356
-1.443479
6.656694
-2.782558
-2.761556
-11.459130
-0.247844
2.349301
-1.673858
3.937964
4.144758
-4.407191
3.914633
-3.275238
-1.786172
6.434724
-3.110717
-2.520229
-11.920265
0.896528
3.514881
-2.831557
3.417224
4.898386
-6.012266
5.254869
-3.371593
-1.256904
6.661381
-3.042183
-2.857352
-11.412667
1.875969
4.554117
-4.162524
3.249363
5.573112
-5.890602
4.947008
-4.342889
-1.229064
6.443594
-2.922548
-3.002150
-11.557865
1.572044
4.061616
-5.339773
2.217955
5.644358
-5.975449
5.571880
-4.105555
-0.784690
6.774800
-3.047176
-2.930015
-11.253413
0.275129
2.580737
-4.785927
2.028882
3.909508
-4.470915
3.338536
-3.539099
-1.155499
7.158246
-3.597387
-3.298873
-11.190041
-0.616411
1.494111
-4.389238
2.195971
4.217271
-2.960912
2.948299
-3.804009
-1.192745
6.604086
-3.405874
-2.666511
-11.371144
-0.978759
1.284124
-4.631380
2.230798
4.141473
-2.884639
2.826846
-3.860496
-1.379020
6.808218
-3.760394
-2.556293
-10.637963
-0.189807
2.143148
-5.376448
1.687070
4.025185
-3.562319
2.899914
-3.749426
-1.322230
6.081102
-3.897630
-2.533803
-9.833562
0.034512
2.372163
-5.038096
1.545063
3.569839
-3.444777
2.519275
-3.338722
-0.959219
5.836899
-3.456154
-2.732903
-10.109164
0.491788
2.935739
-4.474588
2.065292
3.977015
-4.163838
3.294296
-3.410250
-1.214930
5.983919
-3.335529
-2.837766
-9.455418
0.495286
2.327016
-4.443282
1.185013
3.220964
-3.709093
2.708969
-2.853351
-0.597058
4.789111
-2.792263
-2.327053
-10.138492
0.368953
2.596445
-4.885184
1.345694
3.287583
-4.306593
3.031656
-3.088320
-0.871924
5.864848
-3.245947
-2.629395
-10.868969
0.611343
3.364717
-5.114277
2.007816
4.167480
-4.993371
4.035668
-3.121306
-0.531008
6.729237
-2.763776
-2.395042
-11.303303
0.090282
2.479116
-4.619419
2.131329
3.937573
-4.903335
3.535330
-3.594922
-1.099132
7.321122
-3.423985
-2.879300
-11.154149
0.158699
2.819044
-4.809869
2.210666
3.862823
-4.924218
3.447188
-3.714506
-1.320622
7.301293
-3.553420
-3.111162
-10.700169
-0.398122
2.073157
-4.394863
2.211209
3.391634
-3.848478
2.618819
-3.218315
-1.241804
7.111880
-3.597201
-2.797320
-10.915576
-0.941572
1.236291
-4.444992
1.954101
3.315816
-3.068932
2.577276
-3.021485
-0.978182
7.170853
-3.575685
-2.670623
