No
Briggs
0
-7.343554
2.282140
1.610857
-3.028495
-0.095276
4.009530
0.786840
-0.672978
-2.547566
3.134058
5.718595
1.178408
-1.263687
-6.360699
4.589537
3.708401
-2.291160
0.452345
4.740784
0.054130
-2.257978
-4.232418
2.619665
5.743633
1.427637
-1.659092
-6.527699
5.459772
4.942850
-0.929147
2.098580
5.800967
-0.226741
-1.917102
-5.203486
1.263049
5.308817
0.457460
-2.487969
-5.752807
6.690232
6.924994
-1.250603
2.420180
6.674756
-1.478373
-1.075323
-5.937314
0.573741
3.429265
0.306323
-2.291306
-6.358232
7.225504
7.103563
-0.461883
3.524955
6.967590
-1.639243
-0.697118
-6.290759
0.032988
4.410233
-0.318572
-3.528239
-6.452921
7.956155
7.326984
-0.718785
3.744079
7.050544
-2.045114
-0.601320
-7.244584
-0.597784
4.015487
-0.909346
-4.206763
-6.798241
7.179943
6.942046
-0.985179
3.883358
7.318607
-1.482658
-0.135393
-6.999027
-0.711291
3.417425
-1.265829
-3.774376
-7.398283
6.658986
6.936737
-0.402560
4.454040
7.468333
-1.604963
0.655875
-6.161765
-0.727984
3.745392
-1.890669
-4.472299
-8.482489
6.136254
6.808131
0.182769
5.514541
8.157973
-1.136631
1.013948
-6.574979
-1.258018
3.463212
-2.435863
-5.155330
-9.309038
5.906418
6.636759
0.475474
6.058194
8.568893
-0.881077
1.411046
-6.657216
-1.440963
4.266153
-2.719653
-5.736082
-9.166913
5.948851
7.526546
-0.584253
5.893629
8.551623
-2.499857
3.599235
-5.477660
-1.038939
4.263689
-2.686004
-5.552819
-8.679644
5.975129
8.519088
-1.249918
5.560373
7.955512
-4.411211
4.716815
-4.916020
-0.919639
3.295970
-1.627705
-3.679600
-10.800953
4.220143
7.629031
-1.806170
6.206824
8.330453
-4.584666
6.371581
-4.320117
-1.005690
5.170982
-2.033406
-3.467444
-11.603767
2.985909
5.037032
-0.729661
5.826924
6.908087
-4.029842
4.139318
-4.910603
-1.275739
7.013979
-2.818698
-4.607964
-11.787137
2.610981
5.813138
-3.132552
4.203932
6.223506
-6.501922
5.871519
-4.555331
-1.149068
6.652963
-2.129161
-2.385415
-11.427114
2.434726
4.923458
-4.677773
2.467249
5.590494
-6.101458
5.140382
-4.826578
-1.100826
5.590254
-2.635153
-2.471465
-12.862152
0.728320
3.539730
-2.765220
4.185273
5.149020
-5.686347
4.873636
-4.100543
-2.116788
8.211704
-4.085587
-3.937733
-12.342640
0.154454
2.666244
-4.146739
2.593307
4.243256
-5.765461
4.279690
-4.076849
-1.761132
7.679021
-3.660805
-3.165632
-12.140648
-0.651690
2.006020
-3.756978
2.473146
3.260578
-5.494574
3.251043
-3.629858
-1.477687
7.556180
-3.439930
-2.754078
-11.297325
-0.785866
1.799231
-3.583850
2.424501
2.967662
-4.790437
3.712903
-2.251056
-1.105653
7.107058
-3.388127
-2.312096
-11.265423
-1.066767
1.265560
-3.612298
2.401496
3.034557
-4.164300
3.006863
-2.717485
-1.266840
6.953164
-3.730618
-2.594587
-10.385585
-1.281117
1.070112
-2.780174
2.638869
2.762309
-2.877648
2.050854
-2.861658
-1.161422
6.775021
-2.602723
-1.767658
-12.591561
-1.331393
1.257566
-3.989336
2.535497
3.690983
-4.343969
3.643924
-3.636196
-1.158972
7.718449
-3.076895
-2.214050
-11.681832
-1.192057
1.429831
-2.825004
3.138709
3.316790
-4.140036
3.339331
-2.964120
-1.450788
7.359987
-3.156488
-2.030655
-11.758905
-1.483114
1.311719
-3.240618
2.981943
3.172558
-3.337160
3.572076
-2.391232
-1.101582
7.374350
-2.816229
-1.586711
-11.627199
-2.035279
0.749045
-3.033265
3.070791
3.170465
-2.838126
3.468217
-2.027149
-0.955979
7.602887
-3.351776
-2.156602
-11.694696
-1.881704
0.603383
-3.245439
2.872965
3.156873
-3.118510
2.627681
-3.255219
-1.563012
7.446469
-3.434124
-2.337049
-11.401993
-1.334910
1.574514
-4.147214
2.301226
2.981750
-3.967012
3.025466
-2.818548
-0.943853
6.765047
-3.295716
-2.669575
-11.092062
-1.323550
1.201612
-3.841873
2.294849
2.928129
-3.035003
2.516151
-2.793935
-1.016124
6.609998
-3.757323
-2.835717
-11.447556
-1.241260
1.601857
-4.404640
2.288024
3.094237
-3.860096
3.205828
-2.807968
-0.903375
7.334758
-3.390573
-2.379449
-11.276793
-1.456029
1.148885
-4.845623
2.000108
3.532241
-3.060630
2.909458
-3.414266
-1.175753
6.942478
-3.586281
-2.300594
-11.191001
-1.130762
1.689461
-5.174448
1.700943
3.179001
-4.350805
2.988674
-3.627151
-1.627553
6.352864
-3.748176
-2.612720
