turn
ben
4
-6.202577
3.737360
4.210609
-3.880600
-1.102318
0.917437
-4.001615
1.587121
0.278955
3.343631
3.039442
0.222518
-1.910057
-6.531383
4.730535
5.179546
-4.246344
-1.185286
0.894726
-4.713016
1.367994
0.369227
4.072906
3.689180
0.190975
-2.635637
-6.597108
4.426510
4.572023
-3.209296
-1.071170
0.356859
-4.298917
0.952531
0.818550
4.264420
3.881107
0.409424
-2.903606
-7.089724
3.295050
3.403490
-2.469614
-0.651151
0.041098
-3.734673
0.825580
1.127851
3.967674
4.523430
0.394021
-2.937497
-7.520370
2.894756
2.610942
-2.424186
-0.756034
0.121635
-3.153410
0.285781
1.000424
4.259872
5.221455
0.366665
-3.317215
-7.895990
2.027591
0.685087
-1.474008
-0.611279
0.368405
-1.294483
-0.726092
1.068774
4.449844
5.964581
-0.148749
-3.823232
-9.424086
0.577657
-0.420214
-1.156464
0.404107
0.760226
-0.664192
-1.583703
0.245419
3.787730
8.058188
-1.206116
-4.216173
-10.288580
0.707035
0.807213
-2.219220
1.444676
2.060616
-1.849567
-0.631871
-1.688581
2.072586
8.942266
-2.211776
-4.445288
-9.790705
0.809998
1.428127
-4.655980
0.437443
2.501245
-2.691152
0.557576
-2.553946
1.237149
7.168169
-2.702304
-3.828939
-9.868792
0.560118
2.464715
-4.279903
1.809972
3.636181
-2.907839
2.651655
-2.216143
0.473523
6.750179
-2.765780
-3.203065
-9.824621
0.435308
2.647984
-4.947948
1.538403
3.605109
-3.286179
2.667118
-2.824604
-0.165980
6.438459
-2.899968
-2.743244
-10.123800
0.440359
2.585238
-5.005859
1.569809
3.742658
-3.166711
2.832291
-2.869210
-0.212987
6.384587
-3.322208
-3.173054
-11.299944
1.210392
3.588637
-5.558155
1.844028
4.949540
-4.800069
4.498563
-3.255717
0.237207
7.485928
-2.642722
-3.098756
-10.314367
0.894197
3.654868
-4.663849
2.282473
4.486463
-4.501578
4.358941
-3.034721
-0.595772
6.338094
-2.774033
-2.596488
-10.884151
1.002133
3.704272
-4.083538
2.821285
4.825196
-4.688937
4.844780
-2.846203
-0.784031
6.692224
-3.240450
-3.166660
-11.182383
0.004980
2.703105
-4.300351
2.739787
4.430773
-3.940248
3.927453
-3.242342
-1.150682
7.243614
-3.526090
-3.008811
-11.502860
0.169672
2.652408
-4.900350
2.216591
4.621924
-4.138223
4.141372
-3.241700
-0.370380
7.540730
-3.036697
-2.876549
-10.662517
1.278161
4.137208
-4.514211
2.794152
4.786645
-5.250806
4.615157
-3.035465
-0.693168
7.033416
-3.184230
-2.912953
-10.662437
1.118083
3.765785
-4.670066
2.431838
4.546871
-4.793541
4.253210
-2.911962
-0.218350
7.180721
-2.829478
-2.862687
-10.672950
0.714008
3.459826
-4.582110
2.573888
4.931201
-3.919377
4.482789
-3.006010
-0.597322
6.106308
-3.246749
-2.661700
-10.583149
0.163142
2.776616
-4.289902
2.382396
4.107843
-3.746433
3.443671
-3.164918
-1.065631
6.236072
-3.401868
-2.830193
-11.134678
0.084474
2.770649
-4.126081
2.641219
4.443591
-3.754271
3.912381
-3.029943
-0.613153
6.921049
-2.893497
-2.824755
-11.561502
0.295230
3.220978
-3.845461
3.304991
5.199307
-4.147724
4.604165
-3.417470
-1.121023
6.752645
-3.224984
-2.807551
-12.089209
-0.066961
2.722849
-3.880425
3.352035
4.967933
-4.151551
4.064182
-3.846967
-1.381906
7.552781
-3.554669
-3.045700
-11.311502
0.361966
3.211901
-3.346578
3.455592
4.702430
-4.588308
4.216329
-3.245963
-1.304681
7.348977
-3.489876
-3.148825
-10.370918
0.303396
2.744440
-3.482474
2.970683
4.011564
-3.599029
2.842517
-3.313411
-1.377779
6.761653
-3.595938
-2.946109
-10.723793
0.503266
2.844261
-4.234521
2.413035
4.258739
-4.066519
3.278066
-3.662223
-1.127213
6.962844
-3.112275
-2.664748
-10.287737
1.474750
3.898911
-4.635001
2.384201
4.696164
-4.827892
3.858896
-3.611531
-0.870679
6.680482
-3.314786
-3.091702
-10.325610
1.529257
4.150439
-5.496948
2.077320
4.920127
-4.886803
3.547607
-4.314222
-1.184837
6.330705
-3.648777
-3.390424
-9.695027
1.456908
3.871218
-3.980014
2.760904
4.492700
-3.740609
2.807058
-3.504774
-0.709478
7.151762
-2.761026
-2.827166
-10.566989
0.311190
2.432483
-4.550282
1.975914
3.969384
-3.594512
3.138440
-3.105182
-0.547073
7.097978
-3.446750
-3.380321
-9.961127
0.562883
2.886169
-4.603482
2.075112
4.004285
-3.451953
2.926742
-3.029723
-0.401648
6.886383
-2.971412
-2.818743
