All
George
4
-12.261423
2.759525
4.854377
3.862637
9.090760
6.404115
-2.664997
2.658062
-4.474368
-1.419318
7.298005
-2.059888
-5.165947
-11.272614
4.569435
6.692636
1.911710
7.859506
7.252117
-3.313859
2.574517
-5.491646
-0.674578
6.959200
-1.499887
-5.393790
-11.455535
4.481362
6.751597
2.609498
8.455766
7.510428
-3.114119
2.798342
-5.454773
-0.935694
6.968992
-1.684542
-5.296307
-11.223019
4.225766
6.736989
2.118221
8.381651
7.811860
-2.872900
3.563441
-5.054647
-0.851497
6.728781
-1.756015
-4.991414
-11.023504
5.455196
8.353897
2.208930
9.094343
8.693334
-3.534522
4.208267
-5.287624
-0.658676
6.633008
-1.346684
-5.140330
-11.532976
5.904922
9.201651
2.807025
9.876953
9.225670
-4.082891
5.010620
-5.291574
-0.385272
6.845234
-0.976548
-5.461258
-10.760641
6.219998
9.353382
2.890324
9.410637
8.736588
-4.514503
4.968831
-4.831103
-0.568703
6.203347
-0.897574
-5.217946
-11.422365
6.079185
9.301616
2.556254
9.530897
8.551729
-4.742458
4.947310
-4.830416
-0.562961
7.295400
-1.268875
-5.714953
-11.145035
5.429214
8.498121
2.514595
9.216517
8.287943
-3.981092
4.296995
-4.931648
-0.488374
7.062814
-1.187957
-5.229565
-10.321730
5.740857
8.828729
0.841912
7.973427
8.388621
-4.330013
5.155673
-4.550570
-0.725730
6.087380
-1.613351
-4.771773
-9.847792
4.508017
7.072094
1.650872
7.489645
6.870016
-3.242321
3.372620
-4.177745
-0.735858
6.027955
-1.579834
-4.431523
-10.237024
2.713963
6.079618
0.480697
6.747670
5.856034
-4.105674
4.364181
-3.063999
-1.024665
6.363050
-2.103910
-3.475798
-10.764124
4.077550
7.063541
-1.697523
5.265344
6.944271
-5.985952
6.521100
-3.338319
-0.479750
6.236402
-2.198179
-4.009186
-11.279333
3.190085
6.446980
-2.658910
4.794157
6.598733
-6.274783
6.608757
-3.688662
-1.226110
6.359924
-2.891999
-3.700861
-10.963401
3.810488
6.478987
-3.268876
4.322577
7.626903
-5.754325
6.873521
-4.109859
-0.709971
5.761209
-2.741298
-3.813750
-11.896619
2.917301
5.219237
-2.866539
4.105964
6.926494
-5.900397
6.556801
-4.154983
-1.098150
6.472959
-3.270598
-4.272553
-11.280188
2.637228
5.476352
-3.635730
3.642107
6.335480
-6.058209
6.546491
-3.367521
-0.997982
6.327380
-3.293169
-3.647774
-9.301815
2.997901
5.773154
-3.765929
3.038170
5.383663
-5.536604
5.222434
-3.128466
-0.560953
5.155567
-2.038854
-2.482328
-10.713180
2.580779
5.491496
-5.033950
2.982671
6.421856
-5.147126
5.664797
-3.594049
-0.125929
6.294168
-2.589385
-2.787845
-11.013521
0.190826
2.986025
-4.514100
2.577986
4.591525
-4.488894
4.301382
-3.483714
-1.124460
6.727117
-3.255153
-2.518777
-10.939700
-0.131755
2.103665
-4.277833
2.321134
4.552247
-3.354735
3.623459
-3.524092
-0.904336
6.643342
-3.103124
-2.325114
-11.767107
-1.665681
0.455575
-4.155351
2.011655
3.616596
-2.872221
3.418392
-2.925643
-0.812291
6.802667
-3.506397
-2.299562
-12.010010
-1.148890
1.002202
-3.918369
2.485212
4.030894
-3.265966
3.543460
-3.207589
-1.096326
7.778493
-3.535009
-2.374141
-10.783851
-0.248727
2.290194
-3.944583
2.897085
4.220772
-3.176902
2.869003
-3.566571
-1.407033
6.933026
-3.586409
-2.622593
-10.958572
-0.809222
1.567560
-3.875247
2.725579
4.157382
-2.210714
2.735347
-3.141085
-1.030983
6.983275
-3.378650
-2.452768
-10.552727
-0.322744
2.258187
-4.115007
2.753503
4.500548
-2.222103
3.583700
-2.315125
-0.278725
7.210351
-3.115449
-2.450437
-9.579351
-0.284062
1.636381
-3.954250
1.988716
3.817234
-1.252208
2.469891
-2.174473
-0.101582
6.185203
-3.038967
-2.632977
-10.088491
0.014400
2.275132
-3.681727
2.548613
3.616072
-2.648970
2.419309
-2.460638
-0.812934
7.066016
-3.764722
-3.483310
-10.060324
0.441812
3.067546
-4.485240
2.412856
3.862413
-3.729188
2.957006
-3.007859
-0.844276
7.052832
-3.421665
-2.840954
-10.545481
0.420138
2.962950
-3.692779
2.905703
3.805533
-3.824848
3.003483
-2.713192
-0.886718
7.807883
-3.593011
-3.307005
-10.223772
0.940803
3.346962
-4.731544
2.170887
4.114331
-3.531118
2.993157
-2.929178
-0.334875
7.312596
-3.178060
-3.237401
-9.189021
1.275672
3.922755
-5.109590
1.845151
4.074618
-3.809902
3.310336
-2.842416
-0.365323
5.757596
-2.811429
-2.504025
