fit
ben
6
-8.837337
-0.780008
-1.423232
-2.547683
0.025378
3.385128
2.437881
1.288142
-0.078568
2.704121
4.381559
-1.279854
-2.001377
-9.414849
-1.989335
-2.612141
-1.584221
0.665658
3.283339
3.671765
1.048609
0.554452
2.653817
4.822063
-1.474991
-1.925998
-9.540106
-2.462575
-3.214668
-1.403432
0.583188
3.279134
4.184033
1.171219
0.809116
2.771500
3.945796
-1.602731
-1.879749
-9.503920
-2.078351
-2.726324
-3.262085
-0.513826
3.496511
3.640341
1.743381
-0.027602
2.797676
2.647991
-1.482171
-1.358016
-10.197648
-1.510742
-0.233660
-5.499954
0.010474
3.288867
-0.389974
3.034358
-1.609054
0.996112
4.479161
-2.636642
-1.420231
-10.813823
-0.624958
1.829443
-5.662254
1.506275
4.038884
-2.797447
3.694082
-2.656710
-0.511325
6.427684
-3.644608
-2.209425
-10.469066
-0.292225
1.994264
-4.785849
1.850599
3.841695
-3.308052
3.099472
-3.090933
-0.840361
6.433472
-3.427734
-2.361779
-10.755712
-2.797754
-1.274466
-2.679263
1.940212
1.867205
-0.931513
0.645146
-2.509299
-1.307511
6.513607
-3.617275
-2.640841
-10.219841
-4.332301
-3.382946
-0.946716
1.803450
0.631362
0.987312
-0.431390
-1.525888
-1.357412
4.758900
-3.602237
-2.501451
-10.970228
-4.409745
-2.733067
-0.937625
2.355238
1.142153
-0.110016
1.362181
-1.214439
-1.950477
4.440902
-3.997392
-2.401831
-11.664106
-3.765636
-1.896970
-1.419184
2.522993
2.194347
-1.086563
2.622782
-1.627354
-1.796876
4.452456
-4.013355
-2.611208
-11.785592
-3.472795
-1.230930
-2.663736
2.113912
2.129157
-1.887960
3.454372
-1.348004
-1.362723
4.696686
-4.267493
-2.479976
-11.415675
-1.984294
0.405492
-3.036410
1.972923
2.333745
-3.810625
3.766989
-1.887063
-1.687762
4.769557
-3.744306
-2.374337
-10.568437
0.384130
2.545020
-5.702429
0.887884
4.148078
-4.319709
4.670684
-2.794645
-0.136303
5.069279
-3.108434
-2.470821
-10.967145
1.706395
4.460130
-6.290454
1.547207
5.074985
-6.083074
5.354350
-3.607922
-0.230210
6.642340
-2.889286
-2.837718
-11.267031
2.589210
5.035958
-6.379995
1.194792
5.740165
-7.095321
6.114217
-4.082748
0.213594
6.312953
-2.069960
-2.683193
-10.925169
1.850871
4.209213
-5.400136
1.559812
4.943223
-6.132442
5.315353
-3.522800
-0.222207
6.152229
-2.691255
-2.731753
-11.671012
1.433372
3.892388
-5.620903
1.878875
5.309767
-6.154928
5.326311
-4.126843
-0.741671
6.949009
-3.040290
-2.756817
-10.614130
1.023709
3.332572
-5.680625
1.277589
4.496129
-5.109143
4.369508
-3.665118
-0.537791
5.902680
-2.768607
-2.330328
-12.259418
0.619657
3.112582
-6.297933
1.170506
4.485546
-6.574708
4.762100
-4.174624
-0.558295
7.239149
-2.985922
-2.795116
-11.754989
0.858732
3.269704
-5.553528
1.404825
4.383281
-5.793889
4.385883
-3.896463
-0.580746
7.054415
-3.142138
-3.058095
-11.693004
0.426276
2.469433
-5.211823
1.570562
4.684750
-4.618995
4.270357
-3.596817
-0.315879
7.041900
-3.093218
-3.009511
-12.272353
-0.196337
1.832135
-5.717889
1.252749
4.465257
-4.373555
4.354366
-3.611667
-0.508459
6.726951
-3.557653
-2.641521
-11.680251
0.150964
2.417050
-4.672557
2.238702
4.708331
-4.448005
4.300539
-3.752414
-0.950212
7.029392
-3.338583
-2.708992
-12.030963
0.190520
2.394018
-5.464480
1.587683
4.565656
-5.157834
4.668429
-3.620780
-0.716835
7.038449
-3.728227
-3.193010
-12.255158
0.345666
2.823684
-5.404289
1.960702
4.774045
-5.737699
4.781825
-4.056581
-1.122374
7.335548
-3.844718
-3.296300
-11.432067
0.236362
2.546438
-4.912467
2.168761
4.759760
-4.599492
4.175439
-3.842560
-1.085153
6.837412
-3.636244
-2.926073
-11.848539
0.365813
2.811051
-5.340590
2.125719
5.113976
-5.002016
4.637764
-4.143747
-1.036528
7.261414
-3.578705
-3.012364
-11.556440
-0.152509
2.545625
-5.591859
1.705189
4.077059
-5.151135
4.184068
-3.616848
-0.952102
7.129972
-3.275238
-2.467226
-11.160662
-0.168995
2.578036
-5.129577
1.992297
3.868005
-4.573618
3.610800
-3.232866
-0.986963
7.156150
-3.557508
-2.685308
-11.218216
-0.740300
1.546342
-4.756087
2.008426
3.748227
-3.422450
3.309220
-2.936165
-0.904466
7.168025
-3.878096
-2.945146
-10.986596
-1.007137
1.759855
-4.281994
2.255012
3.052283
-4.276695
3.231006
-2.691118
-1.438424
6.802042
-3.678700
-2.375452
